Mona Lisa animation frame 7

PC UTILITY V3.3
>D5678 BFFF

5678 00 00 00 00 00 00 00 00
5680 00 00 00 00 00 00 00 00 00 00 00 00 00 00 00 00
5690 00 00 C0 00 FF 00 FF 00 0F 00 00 00 00 00 00 00
56A0 80 00 2F 00 00 00 00 00 00 00 00 00 00 00 00 00
56B0 00 00 00 00 00 00 00 00 00 00 00 00 00 00 00 00
56C0 00 00 00 00 00 00 00 00 00 00 00 00 00 00 00 00
56D0 40 20 00 00 00 00 00 00 00 00 00 00 00 00 00 00
56E0 00 00 00 00 00 00 00 00 00 00 00 00 80 00 FF 00
56F0 FF 00 5F 00 02 00 00 00 00 00 80 00 27 00 00 00
5700 00 00 00 00 00 00 00 00 00 00 00 00 00 00 00 00
5710 00 00 00 00 00 00 00 00 00 00 00 00 00 00 00 00
5720 00 00 00 00 00 00 00 00 00 00 40 20 00 00 00 00
5730 00 00 00 00 00 00 00 00 00 00 00 00 00 00 00 00
5740 00 00 00 00 00 00 80 00 FF 00 FF 00 6F 00 00 00
5750 00 00 00 00 80 00 1E 00 00 00 00 00 00 00 00 00
5760 00 00 00 00 00 00 00 00 00 00 00 00 00 00 00 00
5770 00 00 00 00 00 00 00 00 00 00 00 00 00 00 00 00
5780 00 00 00 00 40 20 00 00 00 00 00 00 00 00 00 00
5790 00 00 00 00 00 00 00 00 00 00 00 00 00 00 00 00
57A0 00 00 FF 00 FF 00 5F 00 05 00 00 00 00 00 40 00
57B0 06 00 00 00 00 00 00 00 00 00 00 00 00 00 00 00
57C0 00 00 00 00 00 00 00 00 00 00 00 00 00 00 00 00
57D0 00 00 00 00 00 00 00 00 00 00 00 00 00 00 40 20
57E0 00 00 00 00 00 00 00 00 00 00 00 00 00 00 00 00
57F0 00 00 00 00 00 00 00 00 00 00 00 00 FF 00 FF 00
5800 AF 00 01 00 00 00 00 00 40 00 02 00 00 00 00 00
5810 00 00 00 00 00 00 00 00 00 00 00 00 00 00 00 00
5820 00 00 00 00 00 00 00 00 00 00 00 00 00 00 00 00
5830 00 00 00 00 00 00 00 00 40 20 00 00 00 00 00 00
5840 00 00 00 00 00 00 00 00 00 00 00 00 00 00 00 00
5850 00 00 00 00 00 00 FF 00 FF 00 FF 00 01 00 00 00
5860 00 00 E0 00 01 00 00 00 00 00 00 00 00 00 00 00
5870 00 00 00 00 00 00 00 00 00 00 00 00 00 00 00 00
5880 00 00 00 00 00 00 00 00 00 00 00 00 00 00 00 00
5890 00 00 40 20 00 00 00 00 00 00 00 00 00 00 00 00
58A0 00 00 00 00 00 00 00 00 00 00 00 00 00 00 00 00
58B0 FE 00 FF 00 FF 00 01 00 00 00 00 00 E0 00 00 00
58C0 00 00 00 00 00 00 00 00 00 00 00 00 00 00 00 00
58D0 00 00 00 00 00 00 00 00 00 00 00 00 00 00 00 00
58E0 00 00 00 00 00 00 00 00 00 00 00 00 40 20 00 00
58F0 00 00 00 00 00 00 00 00 00 00 00 00 00 00 00 00
5900 00 00 00 00 00 00 00 00 00 00 FE 00 FF 00 FF 00
5910 05 00 00 00 00 00 F0 00 00 00 00 00 00 00 00 00
5920 00 00 00 00 00 00 00 00 00 00 00 00 00 00 00 00
5930 00 00 00 00 00 00 00 00 00 00 00 00 00 00 00 00
5940 00 00 00 00 00 00 40 20 00 00 00 00 00 00 00 00
5950 00 00 00 00 00 00 00 00 00 00 00 00 00 00 00 00
5960 00 00 00 00 FC 00 FF 00 FF 00 03 00 00 00 00 00
5970 FE 00 00 00 00 00 00 00 00 00 00 00 00 00 00 00
5980 00 00 00 00 00 00 00 00 00 00 00 00 00 00 00 00
5990 00 00 00 00 00 00 00 00 00 00 00 00 00 00 00 00
59A0 40 20 00 00 00 00 00 00 00 00 00 00 00 00 00 00
59B0 00 00 00 00 00 00 00 00 00 00 00 00 00 00 FC 00
59C0 FF 00 FF 00 67 00 00 00 80 00 59 00 00 00 00 00
59D0 00 00 00 00 00 00 00 00 00 00 00 00 00 00 00 00
59E0 00 00 00 00 00 00 00 00 00 00 00 00 00 00 00 00
59F0 00 00 00 00 00 00 00 00 00 00 40 20 00 00 00 00
5A00 00 00 00 00 00 00 00 00 00 00 00 00 00 00 00 00
5A10 00 00 00 00 00 00 00 00 F8 00 FF 00 FF 00 4F 00
5A20 11 00 B0 00 7C 00 00 00 00 00 00 00 00 00 00 00
5A30 00 00 00 00 00 00 00 00 00 00 00 00 00 00 00 00
5A40 00 00 00 00 00 00 00 00 00 00 00 00 00 00 00 00
5A50 00 00 00 00 40 20 00 00 00 00 00 00 00 00 00 00
5A60 00 00 00 00 00 00 00 00 00 00 00 00 00 00 00 00
5A70 00 00 F8 00 FF 00 FF 00 1F 00 00 00 00 00 7F 00
5A80 00 00 00 00 00 00 00 00 00 00 00 00 00 00 00 00
5A90 00 00 00 00 00 00 00 00 00 00 00 00 00 00 00 00
5AA0 00 00 00 00 00 00 00 00 00 00 00 00 00 00 40 20
5AB0 00 00 00 00 00 00 00 00 00 00 00 00 00 00 00 00
5AC0 00 00 00 00 00 00 00 00 00 00 00 00 F0 00 FF 00
5AD0 FF 00 7F 00 00 00 C0 00 3F 00 00 00 00 00 00 00
5AE0 00 00 00 00 00 00 00 00 00 00 00 00 00 00 00 00
5AF0 00 00 00 00 00 00 00 00 00 00 00 00 00 00 00 00
5B00 00 00 00 00 00 00 00 00 40 20 00 00 00 00 00 00
5B10 00 00 00 00 00 00 00 00 00 00 00 00 00 00 00 00
5B20 00 00 00 00 00 00 E0 00 FF 00 FF 00 FF 00 3F 00
5B30 FE 00 1F 00 00 00 00 00 00 00 00 00 00 00 00 00
5B40 00 00 00 00 00 00 00 00 00 00 00 00 00 00 00 00
5B50 00 00 00 00 00 00 00 00 00 00 00 00 00 00 00 00
5B60 00 00 40 20 00 00 00 00 00 00 00 00 00 00 00 00
5B70 00 00 00 00 00 00 00 00 00 00 00 00 00 00 00 00
5B80 E0 00 FF 00 FF 00 FF 00 3F 00 FF 00 0F 00 00 00
5B90 00 00 00 00 00 00 00 00 00 00 00 00 00 00 00 00
5BA0 00 00 00 00 00 00 00 00 00 00 00 00 00 00 00 00
5BB0 00 00 00 00 00 00 00 00 00 00 00 00 40 20 00 00
5BC0 00 00 00 00 00 00 00 00 00 00 00 00 00 00 00 00
5BD0 00 00 00 00 00 00 00 00 00 00 C0 00 FF 00 FF 00
5BE0 FF 00 7F 00 FF 00 0F 00 00 00 00 00 00 00 00 00
5BF0 00 00 00 00 00 00 00 00 00 00 00 00 00 00 00 00
5C00 00 00 00 00 00 00 00 00 00 00 00 00 00 00 00 00
5C10 00 00 00 00 00 00 40 20 00 00 00 00 00 00 00 00
5C20 00 00 00 00 00 00 00 00 00 00 00 00 00 00 00 00
5C30 00 00 00 00 C0 00 FF 00 FF 00 FF 00 7F 00 FF 00
5C40 07 00 00 00 00 00 00 00 00 00 00 00 00 00 00 00
5C50 00 00 00 00 00 00 00 00 00 00 00 00 00 00 00 00
5C60 00 00 00 00 00 00 00 00 00 00 00 00 00 00 00 00
5C70 40 20 00 00 00 00 00 00 00 00 00 00 00 00 00 00
5C80 00 00 00 00 00 00 00 00 00 00 00 00 00 00 80 00
5C90 FF 00 FF 00 FF 00 3F 00 FF 00 03 00 00 00 00 00
5CA0 00 00 00 00 00 00 00 00 00 00 00 00 00 00 00 00
5CB0 00 00 00 00 00 00 00 00 00 00 00 00 00 00 00 00
5CC0 00 00 00 00 00 00 00 00 00 00 40 20 00 00 00 00
5CD0 00 00 00 00 00 00 00 00 00 00 00 00 00 00 00 00
5CE0 00 00 00 00 00 00 00 00 00 00 FF 00 FF 00 FF 00
5CF0 BF 00 FF 00 01 00 00 00 00 00 00 00 00 00 00 00
5D00 00 00 00 00 00 00 00 00 00 00 00 00 00 00 00 00
5D10 00 00 00 00 00 00 00 00 00 00 00 00 00 00 00 00
5D20 00 00 00 00 40 20 00 00 00 00 00 00 00 00 00 00
5D30 00 00 00 00 00 00 00 00 00 00 00 00 00 00 00 00
5D40 00 00 00 00 FC 00 FF 00 FF 00 DF 00 FF 00 01 00
5D50 00 00 00 00 00 00 00 00 00 00 00 00 00 00 00 00
5D60 00 00 00 00 00 00 00 00 00 00 00 00 00 00 00 00
5D70 00 00 00 00 00 00 00 00 00 00 00 00 00 00 40 20
5D80 00 00 00 00 00 00 00 00 00 00 00 00 00 00 00 00
5D90 00 00 00 00 00 00 00 00 00 00 00 00 00 00 F8 00
5DA0 FF 00 FF 00 DF 00 FF 00 00 00 00 00 00 00 00 00
5DB0 00 00 00 00 00 00 00 00 00 00 00 00 00 00 00 00
5DC0 00 00 00 00 00 00 00 00 00 00 00 00 00 00 00 00
5DD0 00 00 00 00 00 00 00 00 40 20 00 00 00 00 00 00
5DE0 00 00 00 00 00 00 00 00 00 00 00 00 00 00 00 00
5DF0 00 00 00 00 00 00 00 00 F0 00 FF 00 FF 00 DF 00
5E00 3F 00 00 00 00 00 00 00 00 00 00 00 00 00 00 00
5E10 00 00 00 00 00 00 00 00 00 00 00 00 00 00 00 00
5E20 00 00 00 00 00 00 00 00 00 00 00 00 00 00 00 00
5E30 00 00 40 20 00 00 00 00 00 00 00 00 00 00 00 00
5E40 00 00 00 00 00 00 00 00 00 00 00 00 00 00 00 00
5E50 00 00 C0 00 FF 00 FF 00 FF 00 1F 00 00 00 00 00
5E60 00 00 00 00 00 00 00 00 00 00 00 00 00 00 00 00
5E70 00 00 00 00 00 00 00 00 00 00 00 00 00 00 00 00
5E80 00 00 00 00 00 00 00 00 00 00 00 00 40 20 00 00
5E90 00 00 00 00 00 00 00 00 00 00 00 00 00 00 00 00
5EA0 00 00 00 00 00 00 00 00 00 00 00 00 80 00 FF 00
5EB0 FF 00 FF 00 0F 00 00 00 00 00 00 00 00 00 00 00
5EC0 00 00 00 00 00 00 00 00 00 00 00 00 00 00 00 00
5ED0 00 00 00 00 00 00 00 00 00 00 00 00 00 00 00 00
5EE0 00 00 00 00 00 00 40 20 00 00 00 00 00 00 00 00
5EF0 00 00 00 00 00 00 00 00 00 00 00 00 00 00 00 00
5F00 00 00 00 00 00 00 00 00 FE 00 FF 00 FF 00 00 00
5F10 00 00 00 00 00 00 00 00 00 00 00 00 00 00 00 00
5F20 00 00 00 00 00 00 00 00 00 00 00 00 00 00 00 00
5F30 00 00 00 00 00 00 00 00 00 00 00 00 00 00 00 00
5F40 40 20 00 00 00 00 00 00 00 00 00 00 00 00 00 00
5F50 00 00 00 00 00 00 00 00 00 00 00 00 00 00 00 00
5F60 00 00 C0 00 FC 00 0F 00 00 00 00 00 00 00 00 00
5F70 00 00 00 00 00 00 00 00 00 00 00 00 00 00 00 00
5F80 00 00 00 00 00 00 00 00 00 00 00 00 00 00 00 00
5F90 00 00 00 00 00 00 00 00 00 00 40 20 00 00 00 00
5FA0 00 00 00 00 00 00 00 00 00 00 00 00 00 00 00 00
5FB0 00 00 00 00 00 00 00 00 00 00 00 00 00 00 73 00
5FC0 00 00 00 00 00 00 00 00 00 00 00 00 00 00 00 00
5FD0 00 00 00 00 00 00 00 00 00 00 00 00 00 00 00 00
5FE0 00 00 00 00 00 00 00 00 00 00 00 00 00 00 00 00
5FF0 00 00 00 00 40 20 00 00 00 00 00 00 00 00 00 00
6000 00 00 00 00 00 00 00 00 00 00 00 00 00 00 00 00
6010 00 00 00 00 00 00 00 00 00 00 00 00 00 00 00 00
6020 00 00 00 00 00 00 00 00 00 00 00 00 00 00 00 00
6030 00 00 00 00 00 00 00 00 00 00 00 00 00 00 00 00
6040 00 00 00 00 00 00 00 00 00 00 00 00 00 00 40 20
6050 00 00 00 00 00 00 00 00 00 00 00 00 00 00 00 00
6060 00 00 00 00 00 00 00 00 00 00 00 00 00 00 00 00
6070 00 00 00 00 00 00 00 00 00 00 00 00 00 00 00 00
6080 00 00 00 00 00 00 00 00 00 00 00 00 00 00 00 00
6090 00 00 00 00 00 00 00 00 00 00 00 00 00 00 00 00
60A0 00 00 00 00 00 00 00 00 40 20 00 00 00 00 00 00
60B0 00 00 00 00 00 00 00 00 00 00 00 00 00 00 00 00
60C0 00 00 00 00 00 00 00 00 00 00 00 00 00 00 00 00
60D0 00 00 00 00 00 00 00 00 00 00 00 00 00 00 00 00
60E0 00 00 00 00 00 00 00 00 00 00 00 00 00 00 00 00
60F0 00 00 00 00 00 00 00 00 00 00 00 00 00 00 00 00
6100 00 00 40 20 00 00 00 00 00 00 00 00 00 00 00 00
6110 00 00 00 00 00 00 00 00 00 00 00 00 00 00 00 00
6120 00 00 00 00 00 00 00 00 00 00 00 00 00 00 00 00
6130 00 00 00 00 00 00 00 00 00 00 00 00 00 00 00 00
6140 00 00 00 00 00 00 00 00 00 00 00 00 00 00 00 00
6150 00 00 00 00 00 00 00 00 00 00 00 00 40 20 00 00
6160 00 00 00 00 00 00 00 00 00 00 00 00 00 00 00 00
6170 00 00 00 00 00 00 00 00 00 00 00 00 00 00 00 00
6180 00 00 00 00 00 00 00 00 00 00 00 00 00 00 00 00
6190 00 00 00 00 00 00 00 00 00 00 00 00 00 00 00 00
61A0 00 00 00 00 00 00 00 00 00 00 00 00 00 00 00 00
61B0 00 00 00 00 00 00 40 20 00 00 00 00 00 00 00 00
61C0 00 00 00 00 00 00 00 00 00 00 00 00 00 00 00 00
61D0 00 00 00 00 00 00 00 00 00 00 00 00 00 00 00 00
61E0 00 00 00 00 00 00 00 00 00 00 00 00 00 00 00 00
61F0 00 00 00 00 00 00 00 00 00 00 00 00 00 00 00 00
6200 00 00 00 00 00 00 00 00 00 00 00 00 00 00 00 00
6210 40 20 00 00 00 00 00 00 00 00 00 00 00 00 00 00
6220 00 00 00 00 00 00 00 00 00 00 00 00 00 00 00 00
6230 00 00 00 00 00 00 00 00 00 00 00 00 00 00 00 00
6240 00 00 00 00 00 00 00 00 00 00 00 00 00 00 00 00
6250 00 00 00 00 00 00 00 00 00 00 00 00 00 00 00 00
6260 00 00 00 00 00 00 00 00 00 00 40 20 00 00 00 00
6270 00 00 00 00 00 00 00 00 00 00 00 00 00 00 00 00
6280 00 00 00 00 00 00 00 00 00 00 00 00 00 00 00 00
6290 00 00 00 00 00 00 00 00 00 00 00 00 00 00 00 00
62A0 00 00 00 00 00 00 00 00 00 00 00 00 00 00 00 00
62B0 00 00 00 00 00 00 00 00 00 00 00 00 00 00 00 00
62C0 00 00 00 00 40 20 00 00 00 00 00 00 00 00 00 00
62D0 00 00 00 00 00 00 00 00 00 00 00 00 00 00 00 00
62E0 00 00 00 00 00 00 00 00 00 00 00 00 00 00 00 00
62F0 00 00 00 00 00 00 00 00 00 00 00 00 00 00 00 00
6300 00 00 00 00 00 00 00 00 00 00 00 00 00 00 00 00
6310 00 00 00 00 00 00 00 00 00 00 00 00 00 00 40 20
6320 00 00 00 00 00 00 00 00 00 00 00 00 00 00 00 00
6330 00 00 00 00 00 00 00 00 00 00 00 00 00 00 00 00
6340 00 00 00 00 00 00 00 00 00 00 00 00 00 00 00 00
6350 00 00 00 00 00 00 00 00 00 00 00 00 00 00 00 00
6360 00 00 00 00 00 00 00 00 00 00 00 00 00 00 00 00
6370 00 00 00 00 00 00 00 00 40 20 00 00 00 00 00 00
6380 00 00 00 00 00 00 00 00 00 00 00 00 00 00 00 00
6390 00 00 00 00 00 00 00 00 00 00 00 00 00 00 00 00
63A0 00 00 00 00 00 00 00 00 00 00 00 00 00 00 00 00
63B0 00 00 00 00 00 00 00 00 00 00 00 00 00 00 00 00
63C0 00 00 00 00 00 00 00 00 00 00 00 00 00 00 00 00
63D0 00 00 C0 00 FF 00 FF 00 0F 00 00 00 00 00 00 00
63E0 80 00 2F 00 00 00 00 00 00 00 00 00 00 00 00 00
63F0 00 00 00 00 00 00 00 00 00 00 00 00 00 00 00 00
6400 00 00 00 00 00 00 00 00 00 00 00 00 00 00 00 00
6410 40 20 00 00 00 00 00 00 00 00 00 00 00 00 00 00
6420 00 00 00 00 00 00 00 00 00 00 00 00 80 00 FF 00
6430 FF 00 5F 00 02 00 00 00 00 00 80 00 27 00 00 00
6440 00 00 00 00 00 00 00 00 00 00 00 00 00 00 00 00
6450 00 00 00 00 00 00 00 00 00 00 00 00 00 00 00 00
6460 00 00 00 00 00 00 00 00 00 00 40 20 00 00 00 00
6470 00 00 00 00 00 00 00 00 00 00 00 00 00 00 00 00
6480 00 00 00 00 00 00 80 00 FF 00 FF 00 6F 00 00 00
6490 00 00 00 00 80 00 1E 00 00 00 00 00 00 00 00 00
64A0 00 00 00 00 00 00 00 00 00 00 00 00 00 00 00 00
64B0 00 00 00 00 00 00 00 00 00 00 00 00 00 00 00 00
64C0 00 00 00 00 40 20 00 00 00 00 00 00 00 00 00 00
64D0 00 00 00 00 00 00 00 00 00 00 00 00 00 00 00 00
64E0 00 00 FF 00 FF 00 5F 00 05 00 00 00 00 00 40 00
64F0 06 00 00 00 00 00 00 00 00 00 00 00 00 00 00 00
6500 00 00 00 00 00 00 00 00 00 00 00 00 00 00 00 00
6510 00 00 00 00 00 00 00 00 00 00 00 00 00 00 40 20
6520 00 00 00 00 00 00 00 00 00 00 00 00 00 00 00 00
6530 00 00 00 00 00 00 00 00 00 00 00 00 FF 00 FF 00
6540 AF 00 01 00 00 00 00 00 40 00 02 00 00 00 00 00
6550 00 00 00 00 00 00 00 00 00 00 00 00 00 00 00 00
6560 00 00 00 00 00 00 00 00 00 00 00 00 00 00 00 00
6570 00 00 00 00 00 00 00 00 40 20 00 00 00 00 00 00
6580 00 00 00 00 00 00 00 00 00 00 00 00 00 00 00 00
6590 00 00 00 00 00 00 FF 00 FF 00 FF 00 01 00 00 00
65A0 00 00 E0 00 01 00 00 00 00 00 00 00 00 00 00 00
65B0 00 00 00 00 00 00 00 00 00 00 00 00 00 00 00 00
65C0 00 00 00 00 00 00 00 00 00 00 00 00 00 00 00 00
65D0 00 00 40 20 00 00 00 00 00 00 00 00 00 00 00 00
65E0 00 00 00 00 00 00 00 00 00 00 00 00 00 00 00 00
65F0 FE 00 FF 00 FF 00 01 00 00 00 00 00 E0 00 00 00
6600 00 00 00 00 00 00 00 00 00 00 00 00 00 00 00 00
6610 00 00 00 00 00 00 00 00 00 00 00 00 00 00 00 00
6620 00 00 00 00 00 00 00 00 00 00 00 00 40 20 00 00
6630 00 00 00 00 00 00 00 00 00 00 00 00 00 00 00 00
6640 00 00 00 00 00 00 00 00 00 00 FE 00 FF 00 FF 00
6650 05 00 00 00 00 00 F0 00 00 00 00 00 00 00 00 00
6660 00 00 00 00 00 00 00 00 00 00 00 00 00 00 00 00
6670 00 00 00 00 00 00 00 00 00 00 00 00 00 00 00 00
6680 00 00 00 00 00 00 40 20 00 00 00 00 00 00 00 00
6690 00 00 00 00 00 00 00 00 00 00 00 00 00 00 00 00
66A0 00 00 00 00 FC 00 FF 00 FF 00 03 00 00 00 00 00
66B0 FE 00 00 00 00 00 00 00 00 00 00 00 00 00 00 00
66C0 00 00 00 00 00 00 00 00 00 00 00 00 00 00 00 00
66D0 00 00 00 00 00 00 00 00 00 00 00 00 00 00 00 00
66E0 40 20 00 00 00 00 00 00 00 00 00 00 00 00 00 00
66F0 00 00 00 00 00 00 00 00 00 00 00 00 00 00 FC 00
6700 FF 00 FF 00 67 00 00 00 80 00 59 00 00 00 00 00
6710 00 00 00 00 00 00 00 00 00 00 00 00 00 00 00 00
6720 00 00 00 00 00 00 00 00 00 00 00 00 00 00 00 00
6730 00 00 00 00 00 00 00 00 00 00 40 20 00 00 00 00
6740 00 00 00 00 00 00 00 00 00 00 00 00 00 00 00 00
6750 00 00 00 00 00 00 00 00 F8 00 FF 00 FF 00 4F 00
6760 11 00 B0 00 7C 00 00 00 00 00 00 00 00 00 00 00
6770 00 00 00 00 00 00 00 00 00 00 00 00 00 00 00 00
6780 00 00 00 00 00 00 00 00 00 00 00 00 00 00 00 00
6790 00 00 00 00 40 20 00 00 00 00 00 00 00 00 00 00
67A0 00 00 00 00 00 00 00 00 00 00 00 00 00 00 00 00
67B0 00 00 F8 00 FF 00 FF 00 1F 00 00 00 00 00 7F 00
67C0 00 00 00 00 00 00 00 00 00 00 00 00 00 00 00 00
67D0 00 00 00 00 00 00 00 00 00 00 00 00 00 00 00 00
67E0 00 00 00 00 00 00 00 00 00 00 00 00 00 00 40 20
67F0 00 00 00 00 00 00 00 00 00 00 00 00 00 00 00 00
6800 00 00 00 00 00 00 00 00 00 00 00 00 F0 00 FF 00
6810 FF 00 7F 00 00 00 C0 00 3F 00 00 00 00 00 00 00
6820 00 00 00 00 00 00 00 00 00 00 00 00 00 00 00 00
6830 00 00 00 00 00 00 00 00 00 00 00 00 00 00 00 00
6840 00 00 00 00 00 00 00 00 40 20 00 00 00 00 00 00
6850 00 00 00 00 00 00 00 00 00 00 00 00 00 00 00 00
6860 00 00 00 00 00 00 E0 00 FF 00 FF 00 FF 00 3F 00
6870 FE 00 1F 00 00 00 00 00 00 00 00 00 00 00 00 00
6880 00 00 00 00 00 00 00 00 00 00 00 00 00 00 00 00
6890 00 00 00 00 00 00 00 00 00 00 00 00 00 00 00 00
68A0 00 00 40 20 00 00 00 00 00 00 00 00 00 00 00 00
68B0 00 00 00 00 00 00 00 00 00 00 00 00 00 00 00 00
68C0 E0 00 FF 00 FF 00 FF 00 3F 00 FF 00 0F 00 00 00
68D0 00 00 00 00 00 00 00 00 00 00 00 00 00 00 00 00
68E0 00 00 00 00 00 00 00 00 00 00 00 00 00 00 00 00
68F0 00 00 00 00 00 00 00 00 00 00 00 00 40 20 00 00
6900 00 00 00 00 00 00 00 00 00 00 00 00 00 00 00 00
6910 00 00 00 00 00 00 00 00 00 00 C0 00 FF 00 FF 00
6920 FF 00 7F 00 FF 00 0F 00 00 00 00 00 00 00 00 00
6930 00 00 00 00 00 00 00 00 00 00 00 00 00 00 00 00
6940 00 00 00 00 00 00 00 00 00 00 00 00 00 00 00 00
6950 00 00 00 00 00 00 40 20 00 00 00 00 00 00 00 00
6960 00 00 00 00 00 00 00 00 00 00 00 00 00 00 00 00
6970 00 00 00 00 C0 00 FF 00 FF 00 FF 00 7F 00 FF 00
6980 07 00 00 00 00 00 00 00 00 00 00 00 00 00 00 00
6990 00 00 00 00 00 00 00 00 00 00 00 00 00 00 00 00
69A0 00 00 00 00 00 00 00 00 00 00 00 00 00 00 00 00
69B0 40 20 00 00 00 00 00 00 00 00 00 00 00 00 00 00
69C0 00 00 00 00 00 00 00 00 00 00 00 00 00 00 80 00
69D0 FF 00 FF 00 FF 00 3F 00 FF 00 03 00 00 00 00 00
69E0 00 00 00 00 00 00 00 00 00 00 00 00 00 00 00 00
69F0 00 00 00 00 00 00 00 00 00 00 00 00 00 00 00 00
6A00 00 00 00 00 00 00 00 00 00 00 40 20 00 00 00 00
6A10 00 00 00 00 00 00 00 00 00 00 00 00 00 00 00 00
6A20 00 00 00 00 00 00 00 00 00 00 FF 00 FF 00 FF 00
6A30 BF 00 FF 00 01 00 00 00 00 00 00 00 00 00 00 00
6A40 00 00 00 00 00 00 00 00 00 00 00 00 00 00 00 00
6A50 00 00 00 00 00 00 00 00 00 00 00 00 00 00 00 00
6A60 00 00 00 00 40 20 00 00 00 00 00 00 00 00 00 00
6A70 00 00 00 00 00 00 00 00 00 00 00 00 00 00 00 00
6A80 00 00 00 00 FC 00 FF 00 FF 00 DF 00 FF 00 01 00
6A90 00 00 00 00 00 00 00 00 00 00 00 00 00 00 00 00
6AA0 00 00 00 00 00 00 00 00 00 00 00 00 00 00 00 00
6AB0 00 00 00 00 00 00 00 00 00 00 00 00 00 00 40 20
6AC0 00 00 00 00 00 00 00 00 00 00 00 00 00 00 00 00
6AD0 00 00 00 00 00 00 00 00 00 00 00 00 00 00 F8 00
6AE0 FF 00 FF 00 DF 00 FF 00 00 00 00 00 00 00 00 00
6AF0 00 00 00 00 00 00 00 00 00 00 00 00 00 00 00 00
6B00 00 00 00 00 00 00 00 00 00 00 00 00 00 00 00 00
6B10 00 00 00 00 00 00 00 00 40 20 00 00 00 00 00 00
6B20 00 00 00 00 00 00 00 00 00 00 00 00 00 00 00 00
6B30 00 00 00 00 00 00 00 00 F0 00 FF 00 FF 00 DF 00
6B40 3F 00 00 00 00 00 00 00 00 00 00 00 00 00 00 00
6B50 00 00 00 00 00 00 00 00 00 00 00 00 00 00 00 00
6B60 00 00 00 00 00 00 00 00 00 00 00 00 00 00 00 00
6B70 00 00 40 20 00 00 00 00 00 00 00 00 00 00 00 00
6B80 00 00 00 00 00 00 00 00 00 00 00 00 00 00 00 00
6B90 00 00 C0 00 FF 00 FF 00 FF 00 1F 00 00 00 00 00
6BA0 00 00 00 00 00 00 00 00 00 00 00 00 00 00 00 00
6BB0 00 00 00 00 00 00 00 00 00 00 00 00 00 00 00 00
6BC0 00 00 00 00 00 00 00 00 00 00 00 00 40 20 00 00
6BD0 00 00 00 00 00 00 00 00 00 00 00 00 00 00 00 00
6BE0 00 00 00 00 00 00 00 00 00 00 00 00 80 00 FF 00
6BF0 FF 00 FF 00 0F 00 00 00 00 00 00 00 00 00 00 00
6C00 00 00 00 00 00 00 00 00 00 00 00 00 00 00 00 00
6C10 00 00 00 00 00 00 00 00 00 00 00 00 00 00 00 00
6C20 00 00 00 00 00 00 40 20 00 00 00 00 00 00 00 00
6C30 00 00 00 00 00 00 00 00 00 00 00 00 00 00 00 00
6C40 00 00 00 00 00 00 00 00 FE 00 FF 00 FF 00 00 00
6C50 00 00 00 00 00 00 00 00 00 00 00 00 00 00 00 00
6C60 00 00 00 00 00 00 00 00 00 00 00 00 00 00 00 00
6C70 00 00 00 00 00 00 00 00 00 00 00 00 00 00 00 00
6C80 40 20 00 00 00 00 00 00 00 00 00 00 00 00 00 00
6C90 00 00 00 00 00 00 00 00 00 00 00 00 00 00 00 00
6CA0 00 00 C0 00 FC 00 0F 00 00 00 00 00 00 00 00 00
6CB0 00 00 00 00 00 00 00 00 00 00 00 00 00 00 00 00
6CC0 00 00 00 00 00 00 00 00 00 00 00 00 00 00 00 00
6CD0 00 00 00 00 00 00 00 00 00 00 40 20 00 00 00 00
6CE0 00 00 00 00 00 00 00 00 00 00 00 00 00 00 00 00
6CF0 00 00 00 00 00 00 00 00 00 00 00 00 00 00 73 00
6D00 00 00 00 00 00 00 00 00 00 00 00 00 00 00 00 00
6D10 00 00 00 00 00 00 00 00 00 00 00 00 00 00 00 00
6D20 00 00 00 00 00 00 00 00 00 00 00 00 00 00 00 00
6D30 00 00 00 00 40 20 00 00 00 00 00 00 00 00 00 00
6D40 00 00 00 00 00 00 00 00 00 00 00 00 00 00 00 00
6D50 00 00 00 00 00 00 00 00 00 00 00 00 00 00 00 00
6D60 00 00 00 00 00 00 00 00 00 00 00 00 00 00 00 00
6D70 00 00 00 00 00 00 00 00 00 00 00 00 00 00 00 00
6D80 00 00 00 00 00 00 00 00 00 00 00 00 00 00 40 20
6D90 00 00 00 00 00 00 00 00 00 00 00 00 00 00 00 00
6DA0 00 00 00 00 00 00 00 00 00 00 00 00 00 00 00 00
6DB0 00 00 00 00 00 00 00 00 00 00 00 00 00 00 00 00
6DC0 00 00 00 00 00 00 00 00 00 00 00 00 00 00 00 00
6DD0 00 00 00 00 00 00 00 00 00 00 00 00 00 00 00 00
6DE0 00 00 00 00 00 00 00 00 40 20 00 00 00 00 00 00
6DF0 00 00 00 00 00 00 00 00 00 00 00 00 00 00 00 00
6E00 00 00 00 00 00 00 00 00 00 00 00 00 00 00 00 00
6E10 00 00 00 00 00 00 00 00 00 00 00 00 00 00 00 00
6E20 00 00 00 00 00 00 00 00 00 00 00 00 00 00 00 00
6E30 00 00 00 00 00 00 00 00 00 00 00 00 00 00 00 00
6E40 00 00 40 20 00 00 00 00 00 00 00 00 00 00 00 00
6E50 00 00 00 00 00 00 00 00 00 00 00 00 00 00 00 00
6E60 00 00 00 00 00 00 00 00 00 00 00 00 00 00 00 00
6E70 00 00 00 00 00 00 00 00 00 00 00 00 00 00 00 00
6E80 00 00 00 00 00 00 00 00 00 00 00 00 00 00 00 00
6E90 00 00 00 00 00 00 00 00 00 00 00 00 40 20 00 00
6EA0 00 00 00 00 00 00 00 00 00 00 00 00 00 00 00 00
6EB0 00 00 00 00 00 00 00 00 00 00 00 00 00 00 00 00
6EC0 00 00 00 00 00 00 00 00 00 00 00 00 00 00 00 00
6ED0 00 00 00 00 00 00 00 00 00 00 00 00 00 00 00 00
6EE0 00 00 00 00 00 00 00 00 00 00 00 00 00 00 00 00
6EF0 00 00 00 00 00 00 40 20 00 00 00 00 00 00 00 00
6F00 00 00 00 00 00 00 00 00 00 00 00 00 00 00 00 00
6F10 00 00 00 00 00 00 00 00 00 00 00 00 00 00 00 00
6F20 00 00 00 00 00 00 00 00 00 00 00 00 00 00 00 00
6F30 00 00 00 00 00 00 00 00 00 00 00 00 00 00 00 00
6F40 00 00 00 00 00 00 00 00 00 00 00 00 00 00 00 00
6F50 40 20 00 00 00 00 00 00 00 00 00 00 00 00 00 00
6F60 00 00 00 00 00 00 00 00 00 00 00 00 00 00 00 00
6F70 00 00 00 00 00 00 00 00 00 00 00 00 00 00 00 00
6F80 00 00 00 00 00 00 00 00 00 00 00 00 00 00 00 00
6F90 00 00 00 00 00 00 00 00 00 00 00 00 00 00 00 00
6FA0 00 00 00 00 00 00 00 00 00 00 40 20 00 00 00 00
6FB0 00 00 00 00 00 00 00 00 00 00 00 00 00 00 00 00
6FC0 00 00 00 00 00 00 00 00 00 00 00 00 00 00 00 00
6FD0 00 00 00 00 00 00 00 00 00 00 00 00 00 00 00 00
6FE0 00 00 00 00 00 00 00 00 00 00 00 00 00 00 00 00
6FF0 00 00 00 00 00 00 00 00 00 00 00 00 00 00 00 00
7000 00 00 00 00 40 20 00 00 00 00 00 00 00 00 00 00
7010 00 00 00 00 00 00 00 00 00 00 00 00 00 00 00 00
7020 00 00 00 00 00 00 00 00 00 00 00 00 00 00 00 00
7030 00 00 00 00 00 00 00 00 00 00 00 00 00 00 00 00
7040 00 00 00 00 00 00 00 00 00 00 00 00 00 00 00 00
7050 00 00 00 00 00 00 00 00 00 00 00 00 00 00 40 20
7060 00 00 00 00 00 00 00 00 00 00 00 00 00 00 00 00
7070 00 00 00 00 00 00 00 00 00 00 00 00 00 00 00 00
7080 00 00 00 00 00 00 00 00 00 00 00 00 00 00 00 00
7090 00 00 00 00 00 00 00 00 00 00 00 00 00 00 00 00
70A0 00 00 00 00 00 00 00 00 00 00 00 00 00 00 00 00
70B0 00 00 00 00 00 00 00 00 40 20 00 00 00 00 00 00
70C0 00 00 00 00 00 00 00 00 00 00 00 00 00 00 00 00
70D0 00 00 00 00 00 00 00 00 00 00 00 00 00 00 00 00
70E0 00 00 00 00 00 00 00 00 00 00 00 00 00 00 00 00
70F0 00 00 00 00 00 00 00 00 00 00 00 00 00 00 00 00
7100 00 00 00 00 00 00 00 00 00 00 00 00 00 00 00 00
7110 00 00 40 20 00 00 00 00 00 00 00 00 00 00 00 00
7120 00 00 00 00 00 00 00 00 00 00 00 00 00 00 00 00
7130 00 00 00 00 00 00 00 00 00 00 00 00 00 00 00 00
7140 00 00 00 00 00 00 00 00 00 00 00 00 00 00 00 00
7150 00 00 00 00 00 00 00 00 00 00 00 00 00 00 00 00
7160 00 00 00 00 00 00 00 00 00 00 00 00 40 20 00 00
7170 00 00 00 00 00 00 00 00 00 00 00 00 00 00 00 00
7180 00 00 00 00 00 00 00 00 00 00 00 00 00 00 00 00
7190 00 00 00 00 00 00 00 00 00 00 00 00 00 00 00 00
71A0 00 00 00 00 00 00 00 00 00 00 00 00 00 00 00 00
71B0 00 00 00 00 00 00 00 00 00 00 00 00 00 00 00 00
71C0 00 00 00 00 00 00 40 20 00 00 00 00 00 00 00 00
71D0 00 00 00 00 00 00 00 00 00 00 00 00 00 00 00 00
71E0 00 00 00 00 00 00 00 00 00 00 00 00 00 00 00 00
71F0 00 00 00 00 00 00 00 00 00 00 00 00 00 00 00 00
7200 00 00 00 00 00 00 00 00 00 00 00 00 00 00 00 00
7210 00 00 00 00 00 00 00 00 00 00 00 00 00 00 00 00
7220 40 20 00 00 00 00 00 00 00 00 00 00 00 00 00 00
7230 00 00 00 00 00 00 00 00 00 00 00 00 00 00 00 00
7240 00 00 00 00 00 00 00 00 00 00 00 00 00 00 00 00
7250 00 00 00 00 00 00 00 00 00 00 00 00 00 00 00 00
7260 00 00 00 00 00 00 00 00 00 00 00 00 00 00 00 00
7270 00 00 00 00 00 00 00 00 00 00 40 20 00 00 00 00
7280 00 00 00 00 00 00 00 00 00 00 00 00 00 00 00 00
7290 00 00 00 00 00 00 00 00 00 00 00 00 00 00 00 00
72A0 00 00 00 00 00 00 00 00 00 00 00 00 00 00 00 00
72B0 00 00 00 00 00 00 00 00 00 00 00 00 00 00 00 00
72C0 00 00 00 00 00 00 00 00 00 00 00 00 00 00 00 00
72D0 00 00 00 00 40 20 00 00 00 00 00 00 00 00 00 00
72E0 00 00 00 00 00 00 00 00 00 00 00 00 00 00 00 00
72F0 00 00 00 00 00 00 00 00 00 00 00 00 00 00 00 00
7300 00 00 00 00 00 00 00 00 00 00 00 00 00 00 00 00
7310 00 00 00 00 00 00 00 00 00 00 00 00 00 00 00 00
7320 00 00 00 00 00 00 00 00 00 00 00 00 00 00 40 20
7330 00 00 B8 3F 00 00 A0 3F 00 00 90 3F 00 00 88 3F
7340 00 20 00 20 00 20 00 20 00 20 00 20 00 20 00 20
7350 00 20 00 20 00 20 00 20 00 20 00 20 00 20 00 30
7360 00 20 00 20 00 20 00 20 00 20 00 20 00 20 00 30
7370 00 20 00 20 00 20 00 20 00 20 00 30 00 32 00 20
7380 00 20 00 20 00 20 00 20 00 32 00 20 00 30 00 30
7390 00 20 00 20 00 5F 00 20 00 30 00 30 00 20 00 30
73A0 00 20 00 20 00 30 00 30 00 20 00 30 00 32 00 20
73B0 00 30 00 30 00 20 00 30 00 42 00 33 00 37 00 20
73C0 00 20 00 20 40 7A 00 20 00 20 00 20 00 20 00 20
73D0 00 20 00 20 00 20 00 20 00 20 00 20 00 30 00 32
73E0 00 20 00 30 00 30 00 20 00 30 00 33 00 20 00 30
73F0 00 30 00 20 00 33 00 33 00 20 00 30 00 30 00 20
7400 00 30 00 32 00 20 00 30 00 30 00 20 00 33 00 33
7410 00 20 00 30 00 30 00 20 00 30 00 32 00 20 00 30
7420 00 30 00 20 00 30 00 33 00 20 00 30 00 30 00 20
7430 00 30 00 33 00 20 00 30 00 30 00 20 00 30 00 32
7440 00 34 00 37 00 20 00 20 00 20 40 7A 00 20 00 20
7450 00 20 00 20 00 20 00 20 00 20 00 20 00 20 00 20
7460 00 20 00 30 00 32 00 20 00 30 00 30 00 20 00 30
7470 00 32 00 20 00 30 00 30 00 20 00 30 00 32 00 20
7480 00 30 00 30 00 20 00 30 00 33 00 20 00 30 00 30
7490 00 20 00 30 00 33 00 20 00 30 00 30 00 20 00 30
74A0 00 32 00 20 00 30 00 30 00 20 00 30 00 33 00 20
74B0 00 30 00 30 00 20 00 30 00 32 00 20 00 30 00 30
74C0 00 20 00 30 00 41 00 34 00 37 00 20 00 20 00 20
74D0 40 7A 00 20 00 20 00 20 00 20 00 20 00 20 00 20
74E0 00 20 00 20 00 20 00 20 00 30 00 33 00 20 00 30
74F0 00 30 00 20 00 30 00 32 00 20 00 30 00 30 00 20
7500 00 30 00 32 00 20 00 30 00 30 00 20 00 30 00 32
7510 00 20 00 30 00 30 00 20 00 30 00 32 00 20 00 30
7520 00 30 00 20 00 30 00 33 00 20 00 30 00 30 00 20
7530 00 32 00 33 00 20 00 30 00 30 00 20 00 30 00 33
7540 00 20 00 30 00 30 00 20 00 30 00 31 00 35 00 37
7550 00 20 00 20 00 20 40 7A 00 00 B8 30 00 00 A0 30
7560 00 00 90 30 00 00 88 30 00 00 00 00 00 00 00 00
7570 00 00 00 00 00 00 00 00 00 00 00 00 00 00 00 00
7580 00 00 00 00 00 00 00 00 00 00 00 00 00 00 00 00
7590 00 00 00 00 00 00 00 00 00 00 00 00 00 00 00 00
75A0 00 00 00 00 00 00 00 00 00 00 00 00 00 00 00 00
75B0 00 00 00 00 00 00 00 00 00 00 00 00 00 00 00 00
75C0 40 20 00 00 00 00 00 00 00 00 00 00 00 00 00 00
75D0 00 00 00 00 00 00 00 00 00 00 00 00 00 00 00 00
75E0 00 00 00 00 00 00 00 00 00 00 00 00 00 00 00 00
75F0 00 00 00 00 00 00 00 00 00 00 00 00 00 00 00 00
7600 00 00 00 00 00 00 00 00 00 00 00 00 00 00 00 00
7610 00 00 00 00 00 00 00 00 00 00 40 20 00 00 00 00
7620 00 00 00 00 00 00 00 00 00 00 00 00 00 00 00 00
7630 00 00 00 00 00 00 00 00 00 00 00 00 00 00 00 00
7640 00 00 00 00 00 00 00 00 00 00 00 00 00 00 00 00
7650 00 00 00 00 00 00 00 00 00 00 00 00 00 00 00 00
7660 00 00 00 00 00 00 00 00 00 00 00 00 00 00 00 00
7670 00 00 00 00 40 20 00 00 00 00 00 00 00 00 00 00
7680 00 00 00 00 00 00 00 00 00 00 00 00 00 00 00 00
7690 00 00 00 00 00 00 00 00 00 00 00 00 08 00 00 00
76A0 00 00 00 00 00 00 00 00 00 00 00 00 00 00 00 00
76B0 00 00 00 00 00 00 00 00 00 00 00 00 00 00 00 00
76C0 00 00 00 00 00 00 00 00 00 00 00 00 00 00 40 20
76D0 00 00 00 00 00 00 00 00 00 00 00 00 00 00 00 00
76E0 00 00 00 00 00 00 00 00 00 00 00 00 E0 00 E0 00
76F0 00 00 01 00 00 00 08 00 00 00 00 00 00 00 00 00
7700 00 00 00 00 00 00 00 00 00 00 00 00 00 00 00 00
7710 00 00 00 00 00 00 00 00 00 00 00 00 00 00 00 00
7720 00 00 00 00 00 00 00 00 40 20 00 00 00 00 00 00
7730 00 00 00 00 00 00 00 00 00 00 00 00 00 00 00 00
7740 00 00 00 00 00 00 10 00 11 00 01 00 01 00 00 00
7750 04 00 00 00 00 00 00 00 00 00 00 00 00 00 00 00
7760 00 00 00 00 00 00 00 00 00 00 00 00 00 00 00 00
7770 00 00 00 00 00 00 00 00 00 00 00 00 00 00 00 00
7780 00 00 40 20 00 00 00 00 00 00 00 00 00 00 00 00
7790 00 00 00 00 00 00 00 00 00 00 00 00 00 00 00 00
77A0 10 00 10 00 01 00 01 00 10 00 04 00 00 00 00 00
77B0 00 00 00 00 00 00 00 00 00 00 00 00 00 00 00 00
77C0 00 00 00 00 00 00 00 00 00 00 00 00 00 00 00 00
77D0 00 00 00 00 00 00 00 00 00 00 00 00 40 20 00 00
77E0 00 00 00 00 00 00 00 00 00 00 00 00 00 00 00 00
77F0 00 00 00 00 00 00 00 00 00 00 60 00 E0 00 00 00
7800 01 00 10 00 04 00 00 00 00 00 00 00 00 00 00 00
7810 00 00 00 00 00 00 00 00 00 00 00 00 00 00 00 00
7820 00 00 00 00 00 00 00 00 00 00 00 00 00 00 00 00
7830 00 00 00 00 00 00 40 20 00 00 00 00 00 00 00 00
7840 00 00 00 00 00 00 00 00 00 00 00 00 00 00 00 00
7850 00 00 00 00 20 00 10 00 01 00 01 00 10 00 04 00
7860 00 00 00 00 00 00 00 00 00 00 00 00 00 00 00 00
7870 00 00 00 00 00 00 00 00 00 00 00 00 00 00 00 00
7880 00 00 00 00 00 00 00 00 00 00 00 00 00 00 00 00
7890 40 20 00 00 00 00 00 00 00 00 00 00 00 00 00 00
78A0 00 00 00 00 00 00 00 00 00 00 00 00 00 00 10 00
78B0 10 00 01 00 01 00 08 00 04 00 00 00 00 00 00 00
78C0 00 00 00 00 00 00 00 00 00 00 00 00 00 00 00 00
78D0 00 00 00 00 00 00 00 00 00 00 00 00 00 00 00 00
78E0 00 00 00 00 00 00 00 00 00 00 40 20 00 00 00 00
78F0 00 00 00 00 00 00 00 00 00 00 00 00 00 00 00 00
7900 00 00 00 00 00 00 00 00 F0 00 E1 00 00 00 42 00
7910 08 00 04 00 00 00 00 00 00 00 00 00 00 00 00 00
7920 00 00 00 00 00 00 00 00 00 00 00 00 00 00 00 00
7930 00 00 00 00 00 00 00 00 00 00 00 00 00 00 00 00
7940 00 00 00 00 40 20 00 00 00 00 00 00 00 00 00 00
7950 00 00 00 00 00 00 00 00 00 00 00 00 00 00 00 00
7960 00 00 00 00 00 00 00 00 62 00 08 00 02 00 00 00
7970 00 00 00 00 00 00 00 00 00 00 00 00 00 00 00 00
7980 00 00 00 00 00 00 00 00 00 00 00 00 00 00 00 00
7990 00 00 00 00 00 00 00 00 00 00 00 00 00 00 40 20
79A0 00 00 00 00 00 00 00 00 00 00 00 00 00 00 00 00
79B0 00 00 00 00 00 00 00 00 00 00 00 00 00 00 00 00
79C0 00 00 A2 00 08 00 02 00 00 00 00 00 00 00 00 00
79D0 00 00 00 00 00 00 00 00 00 00 00 00 00 00 00 00
79E0 00 00 00 00 00 00 00 00 00 00 00 00 00 00 00 00
79F0 00 00 00 00 00 00 00 00 40 20 00 00 00 00 00 00
7A00 00 00 00 00 00 00 00 00 00 00 00 00 00 00 00 00
7A10 00 00 00 00 00 00 00 00 00 00 00 00 92 00 04 00
7A20 02 00 00 00 00 00 00 00 00 00 00 00 00 00 00 00
7A30 00 00 00 00 00 00 00 00 00 00 00 00 00 00 00 00
7A40 00 00 00 00 00 00 00 00 00 00 00 00 00 00 00 00
7A50 00 00 40 20 00 00 00 00 00 00 00 00 00 00 00 00
7A60 00 00 00 00 00 00 00 00 00 00 00 00 00 00 00 00
7A70 00 00 00 00 00 00 92 00 02 00 02 00 00 00 00 00
7A80 00 00 00 00 00 00 00 00 00 00 00 00 00 00 00 00
7A90 00 00 00 00 00 00 00 00 00 00 00 00 00 00 00 00
7AA0 00 00 00 00 00 00 00 00 00 00 00 00 40 20 00 00
7AB0 00 00 00 00 00 00 00 00 00 00 00 00 00 00 00 00
7AC0 00 00 00 00 00 00 00 00 00 00 00 00 00 00 00 00
7AD0 0A 00 03 00 02 00 00 00 00 00 00 00 00 00 00 00
7AE0 00 00 00 00 00 00 00 00 00 00 00 00 00 00 00 00
7AF0 00 00 00 00 00 00 00 00 00 00 00 00 00 00 00 00
7B00 00 00 00 00 00 00 40 20 00 00 00 00 00 00 00 00
7B10 00 00 00 00 00 00 00 00 00 00 00 00 00 00 00 00
7B20 00 00 00 00 00 00 00 00 00 00 0A 00 02 00 02 00
7B30 00 00 00 00 00 00 00 00 00 00 00 00 00 00 00 00
7B40 00 00 00 00 00 00 00 00 00 00 00 00 00 00 00 00
7B50 00 00 00 00 00 00 00 00 00 00 00 00 00 00 00 00
7B60 40 20 00 00 00 00 00 00 00 00 00 00 00 00 00 00
7B70 00 00 00 00 00 00 00 00 00 00 00 00 00 00 00 00
7B80 00 00 00 00 0A 00 02 00 72 00 00 00 00 00 00 00
7B90 00 00 00 00 00 00 00 00 00 00 00 00 00 00 00 00
7BA0 00 00 00 00 00 00 00 00 00 00 00 00 00 00 00 00
7BB0 00 00 00 00 00 00 00 00 00 00 40 20 00 00 00 00
7BC0 00 00 00 00 00 00 00 00 00 00 00 00 00 00 00 00
7BD0 00 00 00 00 00 00 00 00 00 00 00 00 00 00 06 00
7BE0 C2 00 1F 00 00 00 00 00 00 00 00 00 00 00 00 00
7BF0 00 00 00 00 00 00 00 00 00 00 00 00 00 00 00 00
7C00 00 00 00 00 00 00 00 00 00 00 00 00 00 00 00 00
7C10 00 00 00 00 40 20 00 00 00 00 00 00 00 00 00 00
7C20 00 00 00 00 00 00 00 00 00 00 01 00 00 00 00 00
7C30 00 00 00 00 00 00 00 00 06 00 30 00 01 00 00 00
7C40 00 00 00 00 00 00 00 00 00 00 00 00 00 00 00 00
7C50 00 00 00 00 00 00 00 00 00 00 00 00 00 00 00 00
7C60 00 00 00 00 00 00 00 00 00 00 00 00 00 00 40 20
7C70 00 00 00 00 00 00 00 00 00 00 00 00 00 00 08 00
7C80 00 00 00 00 03 00 01 00 00 00 04 00 00 00 00 00
7C90 00 00 06 00 08 00 00 00 00 00 00 00 00 00 00 00
7CA0 00 00 00 00 00 00 00 00 00 00 00 00 00 00 00 00
7CB0 00 00 00 00 00 00 00 00 00 00 00 00 00 00 00 00
7CC0 00 00 00 00 00 00 00 00 40 20 00 00 00 00 00 00
7CD0 00 00 00 00 00 00 00 00 08 00 00 00 00 00 07 00
7CE0 03 00 04 00 04 00 00 00 00 00 00 00 02 00 06 00
7CF0 00 00 00 00 00 00 00 00 00 00 00 00 00 00 00 00
7D00 00 00 00 00 00 00 00 00 00 00 00 00 00 00 00 00
7D10 00 00 00 00 00 00 00 00 00 00 00 00 00 00 00 00
7D20 00 00 40 20 00 00 00 00 00 00 00 00 00 00 00 00
7D30 00 00 00 00 00 00 00 00 0F 00 62 00 08 00 08 00
7D40 00 00 00 00 00 00 82 00 01 00 00 00 00 00 00 00
7D50 00 00 00 00 00 00 00 00 00 00 00 00 00 00 00 00
7D60 00 00 00 00 00 00 00 00 00 00 00 00 00 00 00 00
7D70 00 00 00 00 00 00 00 00 00 00 00 00 40 20 00 00
7D80 00 00 00 00 00 00 00 00 00 00 00 00 00 00 0C 00
7D90 00 00 16 00 58 00 10 00 08 00 00 00 00 00 00 00
7DA0 00 00 00 00 00 00 00 00 00 00 00 00 00 00 00 00
7DB0 00 00 00 00 00 00 00 00 00 00 00 00 00 00 00 00
7DC0 00 00 00 00 00 00 00 00 00 00 00 00 00 00 00 00
7DD0 00 00 00 00 00 00 40 20 00 00 00 00 00 00 00 00
7DE0 00 00 00 00 00 00 12 00 10 00 00 00 0D 00 B4 00
7DF0 11 00 08 00 00 00 00 00 00 00 00 00 00 00 00 00
7E00 00 00 00 00 00 00 00 00 00 00 00 00 00 00 00 00
7E10 00 00 00 00 00 00 00 00 00 00 00 00 00 00 00 00
7E20 00 00 00 00 00 00 00 00 00 00 00 00 00 00 00 00
7E30 40 20 00 00 00 00 00 00 00 00 00 00 00 00 00 00
7E40 22 00 00 00 00 00 0B 00 48 00 23 00 18 00 00 00
7E50 00 00 00 00 00 00 00 00 00 00 00 00 F0 00 FF 00
7E60 FF 00 FF 00 FF 00 FF 00 FF 00 FF 00 FF 00 FF 00
7E70 BF 00 00 00 00 00 00 00 00 00 00 00 00 00 00 00
7E80 00 00 00 00 00 00 00 00 00 00 40 20 00 00 00 00
7E90 00 00 00 00 00 00 00 00 00 00 06 00 00 00 00 00
7EA0 16 00 B0 00 4C 00 78 00 00 00 00 00 00 00 00 00
7EB0 00 00 00 00 00 00 04 F8 00 FF 00 FF 00 FF 00 FF
7EC0 00 FF 00 FF 00 FF 00 FF 00 FF 80 7F 00 00 00 00
7ED0 00 00 00 00 00 00 00 00 00 00 00 00 00 00 00 00
7EE0 00 00 00 00 40 20 00 00 00 00 00 00 00 00 00 00
7EF0 00 00 00 00 26 00 11 00 00 00 2C 00 60 00 F8 00
7F00 F4 00 01 00 00 00 00 00 00 00 00 00 00 00 00 00
7F10 02 FC 00 FF 00 FF 00 FF 00 FF 00 FF 00 FF 00 FF
7F20 00 FF 00 FF 80 7F 00 00 00 00 00 00 00 00 00 00
7F30 00 00 00 00 00 00 00 00 00 00 00 00 00 00 40 20
7F40 00 00 00 00 00 00 00 00 00 00 00 00 00 00 43 00
7F50 24 00 01 00 9A 00 C0 00 E5 00 E3 00 07 00 00 00
7F60 00 00 00 00 00 00 00 00 00 00 01 FE 00 FF 00 FF
7F70 00 FF 00 FF 00 FF 00 FF 00 FF 00 FF 00 FF 80 7F
7F80 01 00 00 00 00 00 00 00 00 00 00 00 00 00 00 00
7F90 00 00 00 00 00 00 00 00 40 20 00 00 00 00 00 00
7FA0 00 00 00 00 00 00 00 00 02 00 4E 00 00 00 34 00
7FB0 A3 00 DB 00 C7 00 07 00 02 00 00 00 00 00 00 00
7FC0 00 00 00 00 00 FF 00 FF 00 FF 00 FF 00 FF 00 FF
7FD0 00 FF 00 FF 00 FF 00 FF 80 7F 01 00 00 00 00 00
7FE0 00 00 00 00 00 00 00 00 00 00 00 00 00 00 00 00
7FF0 00 00 40 20 00 00 00 00 00 00 00 00 00 00 00 00
8000 00 00 92 00 9E 00 81 00 4D 00 02 00 A7 00 5F 00
8010 07 00 04 00 00 00 00 00 00 00 00 00 C0 00 FF 00
8020 FF 00 FF 00 FF 00 FF 00 FF 00 FF 00 FF 00 FF 00
8030 FF 00 87 78 01 00 00 00 00 00 00 00 00 00 00 00
8040 00 00 00 00 00 00 00 00 00 00 00 00 40 20 00 00
8050 00 00 00 00 00 00 00 00 00 00 60 00 92 00 5C 00
8060 01 00 BD 00 28 00 5E 00 9F 00 57 00 04 00 00 00
8070 00 00 00 00 00 00 00 C0 00 FF 00 FF 00 FF 00 FF
8080 00 FF 00 FF 00 FF 00 FF 00 FF 00 FF 84 7B 01 00
8090 00 00 00 00 00 00 00 00 00 00 00 00 00 00 00 00
80A0 00 00 00 00 00 00 40 20 00 00 00 00 00 00 00 00
80B0 00 00 00 00 A0 00 A6 00 B9 00 00 00 7C 00 55 00
80C0 3D 00 1E 00 1F 00 08 00 00 00 00 00 00 00 00 00
80D0 00 C0 00 FF 00 FF 00 FF 00 FF 00 FF 00 FF 00 FF
80E0 00 FF 00 FF 00 FF 84 7B 02 01 00 00 00 00 00 00
80F0 00 00 00 00 00 00 00 00 00 00 00 00 00 00 00 00
8100 40 20 00 00 00 00 00 00 00 00 00 00 00 00 E0 00
8110 27 00 7D 00 0D 00 FE 00 C8 00 F8 00 3C 00 3C 00
8120 08 00 00 00 00 00 00 00 00 00 1E C0 00 FF 00 FF
8130 00 FF 00 FF 00 FF 00 FF 00 FF 00 FF 00 FF 00 FF
8140 FC 03 02 01 00 00 00 00 00 00 00 00 00 00 00 00
8150 00 00 00 00 00 00 00 00 00 00 40 20 00 00 00 00
8160 00 00 00 00 00 00 00 00 C0 00 6E 00 EB 00 18 00
8170 FC 00 F3 00 F3 00 53 00 7C 00 10 00 00 00 00 00
8180 00 00 00 00 F1 00 FF 00 FF 00 FF 00 FF 00 FF 00
8190 FF 00 FF 00 FF 00 FF 00 FF 00 84 7B 02 01 00 00
81A0 00 00 00 00 00 00 00 00 00 00 00 00 00 00 00 00
81B0 00 00 00 00 40 20 00 00 00 00 00 00 00 00 00 00
81C0 00 00 80 00 DF 00 F6 00 3B 00 F8 00 E7 00 E7 00
81D0 EF 00 F8 00 31 00 00 00 00 00 00 00 00 00 00 00
81E0 C0 00 FF 00 FF 00 FF 00 FF 00 FF 00 FF 00 FF 00
81F0 FF 00 FF 00 84 7B 02 01 00 00 00 00 00 00 00 00
8200 00 00 00 00 00 00 00 00 00 00 00 00 00 00 40 20
8210 00 00 00 00 00 00 00 00 00 00 00 00 C0 00 FF 00
8220 CE 00 7F 00 F8 00 8F 00 EF 00 DF 00 F3 00 33 00
8230 00 00 00 00 00 00 00 00 00 00 80 00 FF 00 FF 00
8240 FF 00 FF 00 FF 00 FF 00 FF 00 FF 00 FF 00 8C 73
8250 02 01 00 00 00 00 00 00 00 00 00 00 00 00 00 00
8260 00 00 00 00 00 00 00 00 40 20 00 00 00 00 00 00
8270 00 00 00 00 00 00 00 00 FF 00 FD 00 FF 00 F8 00
8280 1F 00 F8 00 FF 00 FF 00 03 00 00 00 00 00 00 00
8290 00 00 00 00 80 00 FF 00 FF 00 FF 00 FF 00 FF 00
82A0 FF 00 FF 00 FF 00 FF 00 89 76 04 03 00 00 00 00
82B0 00 00 00 00 00 00 00 00 00 00 00 00 00 00 00 00
82C0 00 00 40 20 00 00 00 00 00 00 00 00 00 00 00 00
82D0 00 00 7E 00 3B 00 FF 00 C1 00 3F 00 80 00 C3 00
82E0 07 00 07 00 00 00 00 00 00 00 00 00 00 00 F0 00
82F0 FF 00 FF 00 FF 00 FF 00 FF 00 FF 00 FF 00 FF 00
8300 FF 00 89 76 04 03 00 00 00 00 00 00 00 00 00 00
8310 00 00 00 00 00 00 00 00 00 00 00 00 40 20 00 00
8320 00 00 00 00 00 00 00 00 00 00 00 00 EE 00 FF 00
8330 FF 00 37 00 7F 00 00 00 C0 00 1F 00 0E 00 00 00
8340 00 00 00 00 00 00 00 00 FC 00 FF 00 FF 00 FF 00
8350 FF 00 FF 00 FF 00 FF 00 FF 00 FF 00 89 76 04 03
8360 00 00 00 00 00 00 00 00 00 00 00 00 00 00 00 00
8370 00 00 00 00 00 00 40 20 00 00 00 00 00 00 00 00
8380 00 00 00 00 00 00 7E 00 F5 00 FF 00 EF 00 FF 00
8390 C1 00 FF 00 7F 00 78 00 20 00 00 00 00 00 00 00
83A0 00 00 FF 00 FF 00 FF 00 FF 00 FF 00 FF 00 FF 00
83B0 FF 00 FF 00 FF 00 8B 74 04 03 00 00 00 00 00 00
83C0 00 00 00 00 00 00 00 00 00 00 00 00 00 00 00 00
83D0 40 20 00 00 00 00 00 00 00 00 00 00 00 00 00 00
83E0 F2 00 DB 00 F7 00 FF 00 FC 00 87 00 FF 00 BF 00
83F0 C1 00 20 00 01 00 00 00 00 00 E0 00 FF 00 FF 00
8400 FF 00 FF 00 FF 00 FF 00 FF 00 FF 00 FF 00 FF 00
8410 8B 74 04 03 00 00 00 00 00 00 00 00 00 00 00 00
8420 00 00 00 00 00 00 00 00 00 00 40 20 00 00 00 00
8430 00 00 00 00 00 00 00 00 00 00 64 00 BF 00 FF 00
8440 FF 00 9F 00 1F 00 F8 00 FF 00 F7 00 FF 00 01 00
8450 00 00 00 00 FF 00 FF 00 FF 00 FF 00 FF 00 FF 00
8460 FF 00 FF 00 FF 00 FF 00 FF 00 8B 74 08 07 00 00
8470 00 00 00 00 00 00 00 00 00 00 00 00 00 00 00 00
8480 00 00 00 00 40 20 00 00 00 00 00 00 00 00 00 00
8490 00 00 00 00 C4 00 FF 00 FF 00 FE 00 3F 00 7F 00
84A0 F0 00 7D 00 FC 00 FF 00 FF 00 0F 00 F8 00 FF 00
84B0 FF 00 FF 00 FF 00 FF 00 FF 00 FF 00 FF 00 FF 00
84C0 FF 00 FF 00 17 E0 09 06 00 00 00 00 00 00 00 00
84D0 00 00 00 00 00 00 00 00 00 00 00 00 00 00 40 20
84E0 00 00 00 00 00 00 00 00 00 00 00 00 00 00 07 00
84F0 FF 00 FF 00 F9 00 7F 00 FE 00 01 00 02 00 F8 00
8500 FF 00 70 0F D8 00 FF 00 FF 00 FF 00 FF 00 FF 00
8510 FF 00 FF 00 FF 00 FF 00 FF 00 FF 00 FF 00 17 E0
8520 09 06 00 00 00 00 00 00 00 00 00 00 00 00 00 00
8530 00 00 00 00 00 00 00 00 40 20 00 00 00 00 00 00
8540 00 00 00 00 00 00 00 00 C6 00 FF 00 FF 00 F7 00
8550 FF 00 FC 00 0F 00 00 00 FE 00 FF 00 81 7E F9 00
8560 FF 00 FF 00 FF 00 FF 00 FF 00 FF 00 FF 00 FF 00
8570 FF 00 FF 00 FF 00 FF 00 17 E0 09 06 00 00 00 00
8580 00 00 00 00 00 00 00 00 00 00 00 00 00 00 00 00
8590 00 00 40 20 00 00 00 00 00 00 00 00 00 00 00 00
85A0 00 00 FC 00 FF 00 FF 00 CF 00 FF 00 03 00 0F 00
85B0 00 00 FF 00 FF 00 23 DC C2 3D FF 00 FF 00 FF 00
85C0 FF 00 FF 00 FF 00 FF 00 FF 00 FF 00 FF 00 FF 00
85D0 FF 00 17 E0 11 0E 00 00 00 00 00 00 00 00 00 00
85E0 00 00 00 00 00 00 00 00 00 00 00 00 40 20 00 00
85F0 00 00 00 00 00 00 00 00 00 00 00 00 F4 00 FF 00
8600 FF 00 3F 00 FE 00 1F 00 00 00 C0 00 FF 00 FF 00
8610 43 BC C4 3B FF 00 FF 00 FF 00 FF 00 FF 00 FF 00
8620 FF 00 FF 00 FF 00 FF 00 FF 00 FF 00 1F E0 11 0E
8630 00 00 00 00 00 00 00 00 00 00 00 00 00 00 00 00
8640 00 00 00 00 00 00 40 20 00 00 00 00 00 00 00 00
8650 00 00 00 00 00 00 F4 00 FF 00 FF 00 FF 00 E1 00
8660 FF 00 FF 00 FF 00 FF 00 FF 00 47 B8 C8 37 FF 00
8670 FF 00 FF 00 FF 00 FF 00 FF 00 FF 00 FF 00 FF 00
8680 FF 00 FF 00 FF 00 1F E0 11 0E 00 00 00 00 00 00
8690 00 00 00 00 00 00 00 00 00 00 00 00 00 00 00 00
86A0 40 20 00 00 00 00 00 00 00 00 00 00 00 00 00 00
86B0 84 00 FF 00 FF 00 FF 00 FF 00 FF 00 FF 00 FF 00
86C0 FF 00 FF 00 8F 70 88 77 FF 00 FF 00 FF 00 FF 00
86D0 FF 00 FF 00 FF 00 FF 00 FF 00 FF 00 FF 00 FF 00
86E0 1F E0 13 0C 00 00 00 00 00 00 00 00 00 00 00 00
86F0 00 00 00 00 00 00 00 00 00 00 40 20 00 00 00 00
8700 00 00 00 00 00 00 00 00 00 00 FC 00 FF 00 FF 00
8710 FF 00 FF 00 FF 00 FF 00 FF 00 FF 00 FF 00 8F 70
8720 10 EF FF 00 FF 00 FF 00 FF 00 FF 00 FF 00 FF 00
8730 FF 00 FF 00 FF 00 FF 00 FF 00 1F E0 12 0D 00 00
8740 00 00 00 00 00 00 00 00 00 00 00 00 00 00 00 00
8750 00 00 00 00 40 20 00 00 00 00 00 00 00 00 00 00
8760 00 00 00 00 FC 00 FF 00 FF 00 FF 00 FF 00 FF 00
8770 FF 00 FF 00 FF 00 FF 00 9F 60 10 EF FF 00 FF 00
8780 FF 00 FF 00 FF 00 FF 00 FF 00 FF 00 FF 00 FF 00
8790 FF 00 FF 00 3F C0 22 1D 00 00 00 00 00 00 00 00
87A0 00 00 00 00 00 00 00 00 00 00 00 00 00 00 40 20
87B0 00 00 00 00 00 00 00 00 00 00 00 00 00 00 FC 00
87C0 FF 00 FF 00 FF 00 FF 00 FF 00 FF 00 FF 00 FF 00
87D0 FF 00 1F E0 21 DE FE 01 FF 00 FF 00 FF 00 FF 00
87E0 FF 00 FF 00 FF 00 FF 00 FF 00 FF 00 FF 00 3F C0
87F0 22 1D 00 00 00 00 00 00 00 00 00 00 00 00 00 00
8800 00 00 00 00 00 00 00 00 40 20 00 00 00 00 00 00
8810 00 00 00 00 00 00 00 00 FC 00 FF 00 FF 00 FF 00
8820 FF 00 FF 00 FF 00 FF 00 FF 00 FF 00 1F E0 61 9E
8830 FE 01 FF 00 FF 00 FF 00 FF 00 FF 00 FF 00 FF 00
8840 FF 00 FF 00 FF 00 FF 00 3F C0 22 1D 00 00 00 00
8850 00 00 00 00 00 00 00 00 00 00 00 00 00 00 00 00
8860 00 00 40 20 00 00 00 00 00 00 00 00 00 00 00 00
8870 00 00 FC 00 FF 00 FF 00 FF 00 FF 00 FF 00 FF 00
8880 FF 00 FF 00 FF 00 1F E0 41 BE FE 01 FF 00 FF 00
8890 FF 00 FF 00 FF 00 FF 00 FF 00 FF 00 FF 00 FF 00
88A0 FF 00 3F C0 22 1D 00 00 00 00 00 00 00 00 00 00
88B0 00 00 00 00 00 00 00 00 00 00 00 00 40 20 00 00
88C0 00 00 00 00 00 00 00 00 00 00 00 00 FC 00 FF 00
88D0 FF 00 FF 00 FF 00 FF 00 FF 00 FF 00 FF 00 FF 00
88E0 3F C0 82 7D FE 00 FF 00 FF 00 FF 00 FF 00 FF 00
88F0 FF 00 FF 00 FF 00 FF 00 FF 00 FF 00 3F C0 42 3D
8900 00 00 00 00 00 00 00 00 00 00 00 00 00 00 00 00
8910 00 00 00 00 00 00 40 20 00 00 00 00 00 00 00 00
8920 00 00 00 00 00 00 FC 00 FF 00 FF 00 FF 00 FF 00
8930 FF 00 FF 00 FF 00 FF 00 FF 00 3F C0 C2 3D FE 00
8940 FF 00 FF 00 FF 00 FF 00 FF 00 FF 00 FF 00 FF 00
8950 FF 00 FF 00 FF 00 3F C0 42 3D 00 00 00 00 00 00
8960 00 00 00 00 00 00 00 00 00 00 00 00 00 00 00 00
8970 40 20 00 00 00 00 00 00 00 00 00 00 00 00 00 00
8980 FC 00 FF 00 FF 00 FF 00 FF 00 FF 00 FF 00 FF 00
8990 FF 00 FF 00 7F 80 42 BD 00 FF 00 FF 00 FF 00 FF
89A0 00 FF 00 FF 00 FF 00 FF 00 FF 00 FF 00 FF 00 FF
89B0 20 DF 42 3D 00 00 00 00 00 00 00 00 00 00 00 00
89C0 00 00 00 00 00 00 00 00 00 00 40 20 00 00 00 00
89D0 00 00 00 00 00 00 00 00 00 00 FC 00 FF 00 FF 00
89E0 FF 00 FF 00 FF 00 FF 00 FF 00 FF 00 FF 00 7F 80
89F0 E4 1B FF 00 FF 00 FF 00 FF 00 FF 00 FF 00 FF 00
8A00 FF 00 FF 00 FF 00 FF 00 FF 00 3F C0 42 3D 00 00
8A10 00 00 00 00 00 00 00 00 00 00 00 00 00 00 00 00
8A20 00 00 00 00 40 20 00 00 00 00 00 00 00 00 00 00
8A30 00 00 00 00 F8 00 FF 00 FF 00 FF 00 FF 00 FF 00
8A40 FF 00 FF 00 FF 00 FF 00 7F 80 44 3B 01 FE 00 FF
8A50 00 FF 00 FF 00 FF 00 FF 00 FF 00 FF 00 FF 00 FF
8A60 00 FF 00 FF 20 DF 44 3B 00 00 00 00 00 00 00 00
8A70 00 00 00 00 00 00 00 00 00 00 00 00 00 00 40 20
8A80 00 00 00 00 00 00 00 00 00 00 00 00 00 00 F0 00
8A90 FF 00 FF 00 FF 00 FF 00 FF 00 FF 00 FF 00 FF 00
8AA0 FF 00 FF 00 44 BB 00 FF 00 FF 00 FF 00 FF 00 FF
8AB0 00 FF 00 FF 00 FF 00 FF 00 FF 00 FF 00 FF 20 DF
8AC0 84 7B 00 00 00 00 00 00 00 00 00 00 00 00 00 00
8AD0 00 00 00 00 00 00 00 00 40 20 00 00 00 00 00 00
8AE0 00 00 00 00 00 00 00 00 F0 00 FF 00 FF 00 FF 00
8AF0 FF 00 FF 00 FF 00 FF 00 FF 00 FF 00 FF 00 88 77
8B00 FE 00 FF 00 FF 00 FF 00 FF 00 FF 00 FF 00 FF 00
8B10 FF 00 FF 00 FF 00 FF 00 3F C0 84 7B 00 00 00 00
8B20 00 00 00 00 00 00 00 00 00 00 00 00 00 00 00 00
8B30 00 00 40 20 00 00 00 00 00 00 00 00 00 00 00 00
8B40 00 00 D0 00 FF 00 FF 00 FF 00 FF 00 FF 00 FF 00
8B50 FF 00 FF 00 FF 00 FF 00 08 F7 00 FF 00 FF 00 FF
8B60 00 FF 00 FF 00 FF 00 FF 00 FF 00 FF 00 FF 00 FF
8B70 00 FF 40 BF 84 7B 00 00 00 00 00 00 00 00 00 00
8B80 00 00 00 00 00 00 00 00 00 00 00 00 40 20 00 00
8B90 00 00 00 00 00 00 00 00 00 00 00 00 F8 00 FF 00
8BA0 FF 00 FF 00 FF 00 FF 00 FF 00 FF 00 FF 00 FF 00
8BB0 FF 00 11 EE 04 FB 00 FF 00 FF 00 FF 00 FF 00 FF
8BC0 00 FF 00 FF 00 FF 00 FF 00 FF 00 FF 40 BF 84 7B
8BD0 00 00 00 00 00 00 00 00 00 00 00 00 00 00 00 00
8BE0 00 00 00 00 00 00 40 20 00 00 00 00 00 00 00 00
8BF0 00 00 00 00 00 00 F4 00 FF 00 FF 00 FF 00 FF 00
8C00 FF 00 FF 00 FF 00 FF 00 FF 00 FF 00 11 EE 04 FB
8C10 00 FF 00 FF 00 FF 00 FF 00 FF 00 FF 00 FF 00 FF
8C20 00 FF 00 FF 00 FF 40 BF 04 FB 01 00 00 00 00 00
8C30 00 00 00 00 00 00 00 00 00 00 00 00 00 00 00 00
8C40 40 20 00 00 00 00 00 00 00 00 00 00 00 00 00 00
8C50 F8 00 FF 00 FF 00 FF 00 FF 00 FF 00 FF 00 FF 00
8C60 FF 00 FF 00 FF 00 33 CC 04 FB 00 FF 00 FF 00 FF
8C70 00 FF 00 FF 00 FF 00 FF 00 FF 00 FF 00 FF 00 FF
8C80 40 BF 04 FB 01 00 00 00 00 00 00 00 00 00 00 00
8C90 00 00 00 00 00 00 00 00 00 00 40 20 00 00 00 00
8CA0 00 00 00 00 00 00 00 00 00 00 F8 00 FF 00 FF 00
8CB0 FF 00 FF 00 FF 00 FF 00 FF 00 FF 00 FF 00 FF 00
8CC0 23 DC 08 F7 00 FF 00 FF 00 FF 00 FF 00 FF 00 FF
8CD0 00 FF 00 FF 00 FF 00 FF 00 FF 40 BF 04 FB 01 00
8CE0 00 00 00 00 00 00 00 00 00 00 00 00 00 00 00 00
8CF0 00 00 00 00 40 20 00 00 00 00 00 00 00 00 00 00
8D00 00 00 00 00 F8 00 FF 00 FF 00 FF 00 FF 00 FF 00
8D10 FF 00 FF 00 FF 00 FF 00 FF 00 43 BC 08 F7 00 FF
8D20 00 FF 00 FF 00 FF 00 FF 00 FF 00 FF 00 FF 00 FF
8D30 00 FF 00 FF 40 BF 08 F7 07 00 00 00 00 00 00 00
8D40 00 00 00 00 00 00 00 00 00 00 00 00 00 00 40 20
8D50 00 00 00 00 00 00 00 00 00 00 00 00 00 00 F8 00
8D60 FF 00 FF 00 FF 00 FF 00 FF 00 FF 00 FF 00 FF 00
8D70 FF 00 FF 00 47 B8 08 F7 00 FF 00 FF 00 FF 00 FF
8D80 00 FF 00 FF 00 FF 00 FF 00 FF 00 FF 00 FF 80 7F
8D90 08 F7 19 00 00 00 00 00 00 00 00 00 00 00 00 00
8DA0 00 00 00 00 00 00 00 00 40 20 00 00 00 00 00 00
8DB0 00 00 00 00 00 00 00 00 F8 00 FF 00 FF 00 FF 00
8DC0 FF 00 FF 00 FF 00 FF 00 FF 00 FF 00 FF 00 47 B8
8DD0 10 EF 00 FF 00 FF 00 FF 00 FF 00 FF 00 FF 00 FF
8DE0 00 FF 00 FF 00 FF 00 FF 80 7F 08 F7 22 01 00 00
8DF0 00 00 00 00 00 00 00 00 00 00 00 00 00 00 00 00
8E00 00 00 40 20 00 00 00 00 00 00 00 00 00 00 00 00
8E10 00 00 F8 00 FF 00 FF 00 FF 00 FF 00 FF 00 FF 00
8E20 FF 00 FF 00 FF 00 FF 00 47 B8 10 EF 00 FF 00 FF
8E30 00 FF 00 FF 00 FF 00 FF 00 FF 00 FF 00 FF 00 FF
8E40 00 FF 80 7F 08 F7 62 01 00 00 00 00 00 00 00 00
8E50 00 00 00 00 00 00 00 00 00 00 00 00 40 20 00 00
8E60 00 00 00 00 00 00 00 00 00 00 00 00 F8 00 FF 00
8E70 FF 00 FF 00 FF 00 FF 00 FF 00 FF 00 FF 00 FF 00
8E80 FF 00 4F B0 20 DF 00 FF 00 FF 00 FF 00 FF 00 FF
8E90 00 FF 00 FF 00 FF 00 FF 00 FF 00 FF 80 7F 08 F7
8EA0 42 01 00 00 00 00 00 00 00 00 00 00 00 00 00 00
8EB0 00 00 00 00 00 00 40 20 00 00 00 00 00 00 00 00
8EC0 00 00 00 00 00 00 F0 00 FF 00 FF 00 FF 00 FF 00
8ED0 FF 00 FF 00 FF 00 FF 00 FF 00 FF 00 8F 70 20 DF
8EE0 00 FF 00 FF 00 FF 00 FF 00 FF 00 FF 00 FF 00 FF
8EF0 00 FF 00 FF 00 FF 80 7F 08 F7 42 01 00 00 00 00
8F00 00 00 00 00 00 00 00 00 00 00 00 00 00 00 00 00
8F10 40 20 00 00 00 00 00 00 00 00 00 00 00 00 00 00
8F20 F0 00 FF 00 FF 00 FF 00 FF 00 FF 00 FF 00 FF 00
8F30 FF 00 FF 00 FF 00 8F 70 21 DE 00 FF 00 FF 00 FF
8F40 00 FF 00 FF 00 FF 00 FF 00 FF 00 FF 00 FF 00 FF
8F50 80 7F 08 F7 42 01 00 00 00 00 00 00 00 00 00 00
8F60 00 00 00 00 00 00 00 00 00 00 40 20 00 00 00 00
8F70 00 00 00 00 00 00 00 00 00 00 F0 00 FF 00 FF 00
8F80 FF 00 FF 00 FF 00 FF 00 FF 00 FF 00 FF 00 FF 00
8F90 0F F0 41 BE 00 FF 00 FF 00 FF 00 FF 00 FF 00 FF
8FA0 00 FF 00 FF 00 FF 00 FF 00 FF 80 7F 08 F7 C4 03
8FB0 01 00 00 00 00 00 00 00 00 00 00 00 00 00 00 00
8FC0 00 00 00 00 40 20 00 00 00 00 00 00 00 00 00 00
8FD0 00 00 00 00 F0 00 FF 00 FF 00 FF 00 FF 00 FF 00
8FE0 FF 00 FF 00 FF 00 FF 00 FF 00 1F E0 41 BE 00 FF
8FF0 00 FF 00 FF 00 FF 00 FF 00 FF 00 FF 00 FF 00 FF
9000 00 FF 00 FF 00 FF 11 EE 44 03 02 00 00 00 00 00
9010 00 00 00 00 00 00 00 00 00 00 00 00 00 00 40 20
9020 00 00 00 00 00 00 00 00 00 00 00 00 00 00 F0 00
9030 FF 00 FF 00 FF 00 FF 00 FF 00 FF 00 FF 00 FF 00
9040 FF 00 FF 00 1F E0 C1 3E FF 00 FF 00 FF 00 FF 00
9050 FF 00 FF 00 FF 00 FF 00 FF 00 FF 00 FF 00 FF 00
9060 11 EE 24 03 04 00 00 00 00 00 00 00 00 00 00 00
9070 00 00 00 00 00 00 00 00 40 20 00 00 00 00 00 00
9080 00 00 00 00 00 00 00 00 F0 00 FF 00 FF 00 FF 00
9090 FF 00 FF 00 FF 00 FF 00 FF 00 FF 00 FF 00 3F C0
90A0 82 7D 00 FF 00 FF 00 FF 00 FF 00 FF 00 FF 00 FF
90B0 00 FF 00 FF 00 FF 00 FF 00 FF 11 EE 22 01 06 00
90C0 00 00 00 00 00 00 00 00 00 00 00 00 00 00 00 00
90D0 00 00 40 20 00 00 00 00 00 00 00 00 00 00 00 00
90E0 00 00 E0 00 FF 00 FF 00 FF 00 FF 00 FF 00 FF 00
90F0 FF 00 FF 00 FF 00 FF 00 3F C0 82 7D 00 FF 00 FF
9100 00 FF 00 FF 00 FF 00 FF 00 FF 00 FF 00 FF 00 FF
9110 00 FF 00 FF 11 EE 20 01 02 00 00 00 00 00 00 00
9120 00 00 00 00 00 00 00 00 00 00 00 00 40 20 00 00
9130 00 00 00 00 00 00 00 00 00 00 00 00 E0 00 FF 00
9140 FF 00 FF 00 FF 00 FF 00 FF 00 FF 00 FF 00 FF 00
9150 FF 00 7F 80 82 7D 00 FF 00 FF 00 FF 00 FF 00 FF
9160 00 FF 00 FF 00 FF 00 FF 00 FF 00 FF 00 FF 11 EE
9170 10 01 03 00 00 00 00 00 00 00 00 00 00 00 00 00
9180 00 00 00 00 00 00 40 20 00 00 00 00 00 00 00 00
9190 00 00 00 00 00 00 E0 00 FF 00 FF 00 FF 00 FF 00
91A0 FF 00 FF 00 FF 00 FF 00 FF 00 FF 00 7F 80 84 7B
91B0 00 FF 00 FF 00 FF 00 FF 00 FF 00 FF 00 FF 00 FF
91C0 00 FF 00 FF 00 FF 00 FF 11 EE 80 01 02 00 00 00
91D0 00 00 00 00 00 00 00 00 00 00 00 00 00 00 00 00
91E0 40 20 00 00 00 00 00 00 00 00 00 00 00 00 00 00
91F0 E0 00 FF 00 FF 00 FF 00 FF 00 FF 00 FF 00 FF 00
9200 FF 00 FF 00 FF 00 7F 80 04 FB 01 FE 00 FF 00 FF
9210 00 FF 00 FF 00 FF 00 FF 00 FF 00 FF 00 FF 00 FF
9220 00 FF 11 EE 90 00 04 00 00 00 00 00 00 00 00 00
9230 00 00 00 00 00 00 00 00 00 00 40 20 00 00 00 00
9240 00 00 00 00 00 00 00 00 00 00 E0 00 FF 00 FF 00
9250 FF 00 FF 00 FF 00 FF 00 FF 00 FF 00 FF 00 FF 00
9260 FF 00 04 FB 01 FE 00 FF 00 FF 00 FF 00 FF 00 FF
9270 00 FF 00 FF 00 FF 00 FF 00 FF 00 FF 11 EE 88 00
9280 04 00 00 00 00 00 00 00 00 00 00 00 00 00 00 00
9290 00 00 00 00 40 20 00 00 00 00 00 00 00 00 00 00
92A0 00 00 00 00 C0 00 FF 00 FF 00 FF 00 FF 00 FF 00
92B0 FF 00 FF 00 FF 00 FF 00 FF 00 FF 00 08 F7 01 FE
92C0 00 FF 00 FF 00 FF 00 FF 00 FF 00 FF 00 FF 00 FF
92D0 00 FF 00 FF 00 FF 22 DD 84 00 04 00 00 00 00 00
92E0 00 00 00 00 00 00 00 00 00 00 00 00 00 00 40 20
92F0 00 00 00 00 00 00 00 00 00 00 00 00 00 00 C0 00
9300 FF 00 FF 00 FF 00 FF 00 FF 00 FF 00 FF 00 FF 00
9310 FF 00 FF 00 FF 00 08 F7 01 FE 00 FF 00 FF 00 FF
9320 00 FF 00 FF 00 FF 00 FF 00 FF 00 FF 00 FF 00 FF
9330 22 DD 44 03 02 00 00 00 00 00 00 00 00 00 00 00
9340 00 00 00 00 00 00 00 00 40 20 00 00 00 00 00 00
9350 00 00 00 00 00 00 00 00 C0 00 FF 00 FF 00 FF 00
9360 FF 00 FF 00 FF 00 FF 00 FF 00 FF 00 FF 00 FF 00
9370 11 EE 01 FE 00 FF 00 FF 00 FF 00 FF 00 FF 00 FF
9380 00 FF 00 FF 00 FF 00 FF 00 FF 22 DD 43 00 02 00
9390 00 00 00 00 00 00 00 00 00 00 00 00 00 00 00 00
93A0 00 00 40 20 00 00 00 00 00 00 00 00 00 00 00 00
93B0 00 00 C0 00 FF 00 FF 00 FF 00 FF 00 FF 00 FF 00
93C0 FF 00 FF 00 FF 00 FF 00 FF 00 11 EE 01 FE 00 FF
93D0 00 FF 00 FF 00 FF 00 FF 00 FF 00 FF BA FF C6 FF
93E0 F8 FF 01 FF 22 DD 20 01 01 00 00 00 00 00 00 00
93F0 00 00 00 00 00 00 00 00 00 00 00 00 40 20 00 00
9400 00 00 00 00 00 00 00 00 00 00 00 00 C0 00 FF 00
9410 FF 00 FF 00 FF 00 FF 00 FF 00 FF 00 FF 00 FF 00
9420 FF 00 FF 00 11 EE 01 FE 00 FF 00 FF 00 FF 00 FF
9430 00 FF 00 FF 00 FF 18 FF 46 FF C6 FF 00 FF 22 DD
9440 20 00 02 00 00 00 00 00 00 00 00 00 00 00 00 00
9450 00 00 00 00 00 00 40 20 00 00 00 00 00 00 00 00
9460 00 00 00 00 00 00 C0 00 FF 00 FF 00 FF 00 FF 00
9470 FF 00 FF 00 FF 00 FF 00 FF 00 FF 00 FF 00 23 DC
9480 01 FE 00 FF 00 FF 00 FF 00 FF 00 FF 00 FF 00 FF
9490 18 FF 3C FF C6 FF 00 FF 22 5D 00 00 03 00 00 00
94A0 00 00 00 00 00 00 00 00 00 00 00 00 00 00 00 00
94B0 40 20 00 00 00 00 00 00 00 00 00 00 00 00 00 00
94C0 80 00 FF 00 FF 00 FF 00 FF 00 FF 00 FF 00 FF 00
94D0 FF 00 FF 00 FF 00 FF 00 23 DC 01 FE 00 FF 00 FF
94E0 00 FF 00 FF 00 FF 00 FF 00 FF 18 FF 2C FF C6 FF
94F0 00 FF 22 DD 08 00 01 00 00 00 00 00 00 00 00 00
9500 00 00 00 00 00 00 00 00 00 00 40 20 00 00 00 00
9510 00 00 00 00 00 00 00 00 00 00 80 00 FF 00 FF 00
9520 FF 00 FF 00 FF 00 FF 00 FF 00 FF 00 FF 00 FF 00
9530 FF 00 23 DC 02 FD 00 FF 00 FF 00 FF 00 FF 00 FF
9540 00 FF 00 FF 18 FF 2C FF C6 FF 00 FF 22 DD 84 01
9550 00 00 00 00 00 00 00 00 00 00 00 00 00 00 00 00
9560 00 00 00 00 40 20 00 00 00 00 00 00 00 00 00 00
9570 00 00 00 00 80 00 FF 00 FF 00 FF 00 FF 00 FF 00
9580 FF 00 FF 00 FF 00 FF 00 FF 00 FF 00 27 D8 02 FD
9590 00 FF 00 FF 00 FF 00 FF 00 FF 00 FF 00 FF 18 FF
95A0 18 FF C6 FF 00 FF 44 BB 82 01 00 00 00 00 00 00
95B0 00 00 00 00 00 00 00 00 00 00 00 00 00 00 40 20
95C0 00 00 00 00 00 00 00 00 00 00 00 00 00 00 80 00
95D0 FF 00 FF 00 FF 00 FF 00 FF 00 FF 00 FF 00 FF 00
95E0 FF 00 FF 00 FF 00 47 B8 02 FD 00 FF 00 FF 00 FF
95F0 00 FF 00 FF 00 FF 00 FF 3C FF 18 FF F8 FF 01 FF
9600 44 BB 60 01 00 00 00 00 00 00 00 00 00 00 00 00
9610 00 00 00 00 00 00 00 00 40 20 00 00 00 00 00 00
9620 00 00 00 00 00 00 00 00 00 00 FF 00 FF 00 FF 00
9630 FF 00 FF 00 FF 00 FF 00 FF 00 FF 00 FF 00 FF 00
9640 4F B0 02 FD 00 FF 00 FF 00 FF 00 FF 00 FF 00 FF
9650 00 FF 00 FF 00 FF 00 FF 00 FF 44 BB 70 00 00 00
9660 00 00 00 00 00 00 00 00 00 00 00 00 00 00 00 00
9670 00 00 40 20 00 00 00 00 00 00 00 00 00 00 00 00
9680 00 00 80 00 FF 00 FF 00 FF 00 FF 00 FF 00 FF 00
9690 FF 00 FF 00 FF 00 FF 00 FF 00 CF 30 02 FD 00 FF
96A0 00 FF 00 FF 00 FF 00 FF 00 FF 00 FF 00 FF 00 FF
96B0 00 FF 00 FF 44 BB EC 13 00 00 00 00 00 00 00 00
96C0 00 00 00 00 00 00 00 00 00 00 00 00 40 20 00 00
96D0 00 00 00 00 00 00 00 00 00 00 00 00 80 00 FE 00
96E0 FF 00 FF 00 FF 00 FF 00 FF 00 FF 00 FF 00 FF 00
96F0 FF 00 FE 00 8F 70 02 FD 00 FF 00 FF 00 FF 00 FF
9700 00 FF 00 FF 00 FF 00 FF 00 FF 00 FF 00 FF 44 BB
9710 A2 01 00 00 00 00 00 00 00 00 00 00 00 00 00 00
9720 00 00 00 00 00 00 40 20 00 00 00 00 00 00 00 00
9730 00 00 00 00 00 00 80 00 FE 00 FF 00 FF 00 FF 00
9740 FF 00 FF 00 FF 00 FF 00 FF 00 7F 00 FF 00 8F 70
9750 02 FD 00 FF 00 FF 00 FF 00 FF 00 FF 00 FF 00 FF
9760 00 FF 00 FF 00 FF 00 FF 44 BB 20 03 01 00 00 00
9770 00 00 00 00 00 00 00 00 00 00 00 00 00 00 00 00
9780 40 20 00 00 00 00 00 00 00 00 00 00 00 00 00 00
9790 00 00 FF 00 FF 00 FF 00 FF 00 FF 00 FF 00 FF 00
97A0 FF 00 FF 00 BF 00 FF 00 8F 70 02 FD 00 FF 00 FF
97B0 00 FF 00 FF 00 FF 00 FF 00 FF 00 FF 00 FF 00 FF
97C0 00 FF 44 BB 30 03 01 00 00 00 00 00 00 00 00 00
97D0 00 00 00 00 00 00 00 00 00 00 40 20 00 00 00 00
97E0 00 00 00 00 00 00 00 00 00 00 00 00 FF 00 FF 00
97F0 FF 00 FF 00 FF 00 FF 00 FF 00 FF 00 FF 00 DF 00
9800 FF 00 9F 60 02 FD 00 FF 00 FF 00 FF 00 FF 00 FF
9810 00 FF 00 FF 00 FF 00 FF 00 FF 00 FF 44 BB 2C 13
9820 01 00 00 00 00 00 00 00 00 00 00 00 00 00 00 00
9830 00 00 00 00 40 20 00 00 00 00 00 00 00 00 00 00
9840 00 00 00 00 00 00 FF 00 FF 00 FF 00 FF 00 FF 00
9850 FF 00 FF 00 FF 00 FF 00 E7 00 FF 00 1F E0 05 FA
9860 00 FF 00 FF 00 FF 00 FF 00 FF 00 FF 00 FF 00 FF
9870 00 FF 00 FF 00 FF 88 77 E4 1B 01 00 00 00 00 00
9880 00 00 00 00 00 00 00 00 00 00 00 00 00 00 40 20
9890 00 00 00 00 00 00 00 00 00 00 00 00 00 00 00 00
98A0 FB 00 FF 00 FF 00 FF 00 FF 00 FF 00 FF 00 FF 00
98B0 FF 00 FB 00 FF 00 1F E0 05 FA 00 FF 00 FF 00 FF
98C0 00 FF 00 FF 00 FF 00 FF 00 FF 00 FF 00 FF 00 FF
98D0 88 77 A0 1F 00 00 00 00 00 00 00 00 00 00 00 00
98E0 00 00 00 00 00 00 00 00 40 20 00 00 00 00 00 00
98F0 00 00 00 00 00 00 00 00 00 00 F8 00 FF 00 FF 00
9900 FF 00 FF 00 FF 00 FF 00 FF 00 FF 00 FD 00 FF 00
9910 3F C0 05 FA 00 FF 00 FF 00 FF 00 FF 00 FF 00 FF
9920 00 FF 00 FF 00 FF 00 FF 00 FF 88 77 20 1F 00 00
9930 00 00 00 00 00 00 00 00 00 00 00 00 00 00 00 00
9940 00 00 40 20 00 00 00 00 00 00 00 00 00 00 00 00
9950 00 00 00 00 F8 00 FF 00 FF 00 FF 00 FF 00 FF 00
9960 FF 00 FF 00 FF 00 FE 00 FF 00 1F E0 06 F9 00 FF
9970 00 FF 00 FF 00 FF 00 FF 00 FF 00 FF 00 FF 00 FF
9980 00 FF 00 FF 88 77 20 1F 00 00 00 00 00 00 00 00
9990 00 00 00 00 00 00 00 00 00 00 00 00 40 20 00 00
99A0 00 00 00 00 00 00 00 00 00 00 00 00 00 00 F8 00
99B0 FF 00 FF 00 FF 00 FF 00 FF 00 FF 00 FF 00 7F 00
99C0 DF 00 BE 00 3F C0 FE 01 FF 00 FF 00 FF 00 FF 00
99D0 FF 00 FF 00 FF 00 FF 00 FF 00 FF 00 FF 00 8F 70
99E0 20 1F 00 00 00 00 00 00 00 00 00 00 00 00 00 00
99F0 00 00 00 00 00 00 40 20 00 00 00 00 00 00 00 00
9A00 00 00 00 00 00 00 00 00 F8 00 FF 00 FF 00 FF 00
9A10 FF 00 FF 00 FF 00 FF 00 BF 00 6D 00 BF 00 7F 80
9A20 00 FF 00 FF 00 FF 00 FF 00 FF 00 FF 00 FF 00 FF
9A30 00 FF 00 FF 00 FF 00 FF 00 FF 21 1E 00 00 00 00
9A40 00 00 00 00 00 00 00 00 00 00 00 00 00 00 00 00
9A50 40 20 00 00 00 00 00 00 00 00 00 00 00 00 00 00
9A60 00 00 FC 00 FF 00 FF 00 FF 00 FF 00 FF 00 FF 00
9A70 FF 00 CF 00 AE 00 DF 00 F7 00 00 FF 00 FF 00 FF
9A80 00 FF 00 FF 00 FF 00 FF 00 FF 00 FF 00 FF 00 FF
9A90 00 FF 00 FF 21 1E 00 00 00 00 00 00 00 00 00 00
9AA0 00 00 00 00 00 00 00 00 00 00 40 20 00 00 00 00
9AB0 00 00 00 00 00 00 00 00 00 00 00 00 EC 00 FF 00
9AC0 FF 00 FF 00 FF 00 FF 00 FF 00 FF 00 33 00 C7 00
9AD0 E7 00 E7 00 00 FF 00 FF 00 FF 00 FF 00 FF 00 FF
9AE0 00 FF 00 FF 00 FF 00 FF 00 FF 00 FF 00 FF 22 1D
9AF0 00 00 00 00 00 00 00 00 00 00 00 00 00 00 00 00
9B00 00 00 00 00 40 20 00 00 00 00 00 00 00 00 00 00
9B10 00 00 00 00 00 00 E8 00 FF 00 FF 00 FF 00 FF 00
9B20 FF 00 FF 00 FF 00 4C 00 E2 00 EB 00 EB 00 01 FE
9B30 00 FF 00 FF 00 FF 00 FF 00 FF 00 FF 00 FF 00 FF
9B40 00 FF 00 FF 00 FF 00 FF 22 1D 00 00 00 00 00 00
9B50 00 00 00 00 00 00 00 00 00 00 00 00 00 00 40 20
9B60 00 00 00 00 00 00 00 00 00 00 00 00 00 00 00 00
9B70 E8 00 FF 00 FF 00 FF 00 FF 00 FF 00 FF 00 3F 00
9B80 97 00 F1 00 75 00 F3 00 03 FC 00 FF 00 FF 00 FF
9B90 00 FF 00 FF 00 FF 00 FF 00 FF 00 FF 00 FF 00 FF
9BA0 00 FF 22 1D 00 00 00 00 00 00 00 00 00 00 00 00
9BB0 00 00 00 00 00 00 00 00 40 20 00 00 00 00 00 00
9BC0 00 00 00 00 00 00 00 00 00 00 D8 00 FF 00 FF 00
9BD0 FF 00 FF 00 FF 00 FF 00 CF 00 63 00 FC 00 B6 00
9BE0 F5 00 07 F8 00 FF 00 FF 00 FF 00 FF 00 FF 00 FF
9BF0 00 FF 00 FF 00 FF 00 FF 00 FF 00 FF 22 1D 00 00
9C00 00 00 00 00 00 00 00 00 00 00 00 00 00 00 00 00
9C10 00 00 40 20 00 00 00 00 00 00 00 00 00 00 00 00
9C20 00 00 00 00 D0 00 FF 00 FF 00 FF 00 FF 00 FF 00
9C30 FF 00 FF 00 38 00 3E 00 DF 00 F2 00 0F F0 00 FF
9C40 00 FF 00 FF 00 FF 00 FF 00 FF 00 FF 00 FF 00 FF
9C50 00 FF 00 FF 00 FF 24 1B 00 00 00 00 00 00 00 00
9C60 00 00 00 00 00 00 00 00 00 00 00 00 40 20 00 00
9C70 00 00 00 00 00 00 00 00 00 00 00 00 00 00 E0 00
9C80 FF 00 FF 00 FF 00 FF 00 FF 00 FF 00 3F 00 9D 00
9C90 F8 00 7F 00 F5 00 0F F0 00 FF 00 FF 00 FF 00 FF
9CA0 00 FF 00 FF 00 FF 00 FF 00 FF 00 FF 00 FF 00 FF
9CB0 24 1B 00 00 00 00 00 00 00 00 00 00 00 00 00 00
9CC0 00 00 00 00 00 00 40 20 00 00 00 00 00 00 00 00
9CD0 00 00 00 00 00 00 00 00 E0 00 FF 00 FF 00 FF 00
9CE0 FF 00 FF 00 FF 00 0F 00 06 00 DF 00 FF 00 FA 00
9CF0 1F E0 00 FF 00 FF 00 FF 00 FF 00 FF 00 FF 00 FF
9D00 00 FF 00 FF 00 FF 00 FF 00 FF 24 1B 00 00 00 00
9D10 00 00 00 00 00 00 00 00 00 00 00 00 00 00 00 00
9D20 40 20 00 00 00 00 00 00 00 00 00 00 00 00 00 00
9D30 00 00 C0 00 FF 00 FF 00 FF 00 FF 00 FF 00 FF 00
9D40 83 00 23 00 62 00 C5 00 A8 00 38 C0 00 FF 00 FF
9D50 FA 01 FF 00 FF 00 FF 00 FF 00 FF 00 FF 00 03 FC
9D60 00 FF 00 FF 24 1B 00 00 00 00 00 00 00 00 00 00
9D70 00 00 00 00 00 00 00 00 00 00 40 20 00 00 00 00
9D80 00 00 00 00 00 00 00 00 00 00 00 00 C0 00 FF 00
9D90 FF 00 FF 00 FF 00 FF 00 FF 00 C0 00 C3 00 FF 00
9DA0 5F 00 57 00 7C 80 00 FF 00 FF FC 03 FF 00 FF 00
9DB0 FF 00 FF 00 FF 00 FF 00 03 FC 00 FF 00 FF 28 17
9DC0 00 00 00 00 00 00 00 00 00 00 00 00 00 00 00 00
9DD0 00 00 00 00 40 20 00 00 00 00 00 00 00 00 00 00
9DE0 00 00 00 00 00 00 80 00 FF 00 FF 00 FF 00 FF 00
9DF0 FF 00 00 00 F0 00 A0 00 FF 00 7F 00 9B 00 CC 00
9E00 00 FF 00 FF F8 07 FF 00 FF 00 FF 00 FF 00 FF 00
9E10 FF 00 07 F8 00 FF 00 FF 28 17 00 00 00 00 00 00
9E20 00 00 00 00 00 00 00 00 00 00 00 00 00 00 40 20
9E30 00 00 00 00 00 00 00 00 00 00 00 00 00 00 00 00
9E40 80 00 FF 00 FF 00 FF 00 FF 00 3F 00 07 00 7F 00
9E50 00 00 00 00 FC 00 7F 00 FE 00 00 FF 00 FF F0 0F
9E60 FF 00 FF 00 FF 00 FF 00 FF 00 FF 00 07 F8 00 FF
9E70 00 FF 28 17 00 00 00 00 00 00 00 00 00 00 00 00
9E80 00 00 00 00 00 00 00 00 40 20 00 00 00 00 00 00
9E90 00 00 00 00 00 00 00 00 00 00 00 00 FF 00 FF 00
9EA0 FF 00 FF 00 C1 00 E3 00 FF 00 00 00 00 00 80 00
9EB0 3F 00 F7 00 01 FE 00 FF F0 0F FF 00 FF 00 FF 00
9EC0 FF 00 FF 00 FF 00 07 F8 00 FF 00 FF 28 17 00 00
9ED0 00 00 00 00 00 00 00 00 00 00 00 00 00 00 00 00
9EE0 00 00 40 20 00 00 00 00 00 00 00 00 00 00 00 00
9EF0 00 00 00 00 00 00 FF 00 FF 00 FF 00 FF 00 3F 00
9F00 F0 00 0F 00 02 00 00 00 00 00 60 00 8B 00 03 FC
9F10 00 FF E0 1F FF 00 FF 00 FF 00 FF 00 FF 00 FF 00
9F20 0F F0 00 FF 00 FF 30 0F 00 00 00 00 00 00 00 00
9F30 00 00 00 00 00 00 00 00 00 00 00 00 40 20 00 00
9F40 00 00 00 00 00 00 00 00 00 00 00 00 00 00 00 00
9F50 FE 00 FF 00 FF 00 F9 00 E0 00 FF 00 01 00 01 00
9F60 00 00 00 00 F0 00 A7 00 06 F8 00 FF C0 3F FF 00
9F70 FF 00 FF 00 FF 00 FF 00 FF 00 0F F0 00 FF 00 FF
9F80 30 0F 00 00 00 00 00 00 00 00 00 00 00 00 00 00
9F90 00 00 00 00 00 00 40 20 00 00 00 00 00 00 00 00
9FA0 00 00 00 00 00 00 00 00 00 00 FE 00 FF 00 FF 00
9FB0 07 00 FF 00 7F 00 C0 00 00 00 00 00 00 00 20 00
9FC0 F8 00 0B F0 00 FF C0 3F FF 00 FF 00 FF 00 FF 00
9FD0 FF 00 FF 00 1F E0 00 FF 00 FF 30 0F 00 00 00 00
9FE0 00 00 00 00 00 00 00 00 00 00 00 00 00 00 00 00
9FF0 40 20 00 00 00 00 00 00 00 00 00 00 00 00 00 00
A000 00 00 00 00 FC 00 FF 00 FF 00 FF 00 FF 00 0F 00
A010 20 00 00 00 00 00 00 00 00 00 E0 00 0F F0 00 FF
A020 80 7F FF 00 FF 00 FF 00 FF 00 FF 00 FF 00 1F E0
A030 00 FF 00 FF 30 0F 00 00 00 00 00 00 00 00 00 00
A040 00 00 00 00 00 00 00 00 00 00 40 20 00 00 00 00
A050 00 00 00 00 00 00 00 00 00 00 00 00 00 00 FC 00
A060 FF 00 FF 00 7F 00 F0 00 03 00 18 00 00 00 00 00
A070 00 00 00 00 00 00 1F E0 00 FF 80 7F FF 00 FF 00
A080 FF 00 FF 00 FF 00 FF 00 1F E0 00 FF 00 FF 20 1F
A090 00 00 00 00 00 00 00 00 00 00 00 00 00 00 00 00
A0A0 00 00 00 00 40 20 00 00 00 00 00 00 00 00 00 00
A0B0 00 00 00 00 00 00 00 00 F8 00 FF 00 FF 00 00 00
A0C0 3F 00 00 00 0E 00 00 00 00 00 00 00 04 00 00 00
A0D0 3C C0 00 FF 00 FF FF 00 FF 00 FF 00 FF 00 FF 00
A0E0 FF 00 3F C0 00 FF 00 FF 20 1F 00 00 00 00 00 00
A0F0 00 00 00 00 00 00 00 00 00 00 00 00 00 00 40 20
A100 00 00 00 00 00 00 00 00 00 00 00 00 00 00 00 00
A110 00 00 F8 00 FF 00 FF 00 FF 00 0F 00 87 00 09 00
A120 00 00 00 00 00 00 12 00 00 00 F8 00 FF 00 FF 00
A130 FF 00 FF 00 FF 00 FF 00 FF 00 FF 00 FF 00 FF 00
A140 FF 00 3F 00 00 00 00 00 00 00 00 00 00 00 00 00
A150 00 00 00 00 00 00 00 00 40 20 00 00 00 00 00 00
A160 00 00 00 00 00 00 00 00 00 00 00 00 F0 00 FF 00
A170 FF 00 FF 00 FF 00 60 00 05 00 00 00 00 00 00 00
A180 00 00 00 00 D0 00 FF 00 3F 00 00 00 00 00 00 00
A190 00 00 00 00 00 00 00 00 00 00 00 00 00 00 00 00
A1A0 00 00 00 00 00 00 00 00 00 00 00 00 00 00 00 00
A1B0 00 00 40 20 00 00 00 00 00 00 00 00 00 00 00 00
A1C0 00 00 00 00 00 00 D0 00 FF 00 FF 00 FF 00 1F 00
A1D0 F8 00 15 00 00 00 00 00 00 00 00 00 00 00 E0 00
A1E0 FF 00 3F 00 00 00 00 00 00 00 00 00 00 00 00 00
A1F0 00 00 00 00 00 00 00 00 00 00 00 00 00 00 00 00
A200 00 00 00 00 00 00 00 00 00 00 00 00 40 20 00 00
A210 00 00 00 00 00 00 00 00 00 00 00 00 00 00 00 00
A220 A0 00 EE 00 FD 00 7F 00 00 00 06 00 13 00 00 00
A230 00 00 00 00 00 00 00 00 F0 00 FF 00 1F 00 00 00
A240 00 00 00 00 00 00 00 00 00 00 00 00 00 00 00 00
A250 00 00 00 00 00 00 00 00 00 00 00 00 00 00 00 00
A260 00 00 00 00 00 00 40 20 00 00 00 00 00 00 00 00
A270 00 00 00 00 00 00 00 00 00 00 A0 00 FF 00 FF 00
A280 03 00 80 00 A0 00 15 00 00 00 00 00 00 00 00 00
A290 00 00 E8 00 FF 00 1F 00 00 00 00 00 00 00 00 00
A2A0 00 00 00 00 00 00 00 00 00 00 00 00 00 00 00 00
A2B0 00 00 00 00 00 00 00 00 00 00 00 00 00 00 00 00
A2C0 40 20 00 00 00 00 00 00 00 00 00 00 00 00 00 00
A2D0 00 00 00 00 E0 00 06 00 F0 00 07 00 30 00 F0 00
A2E0 09 00 00 00 00 00 00 00 00 00 00 00 F4 00 FF 00
A2F0 0F 00 00 00 00 00 00 00 00 00 00 00 00 00 00 00
A300 00 00 00 00 00 00 00 00 00 00 00 00 00 00 00 00
A310 00 00 00 00 00 00 00 00 00 00 40 20 00 00 00 00
A320 00 00 00 00 00 00 00 00 00 00 00 00 00 00 C0 00
A330 7D 00 00 00 00 00 0C 00 FC 00 19 00 00 00 00 00
A340 00 00 00 00 00 00 FC 00 FF 00 0F 00 00 00 00 00
A350 00 00 00 00 00 00 00 00 00 00 00 00 00 00 00 00
A360 00 00 00 00 00 00 00 00 00 00 00 00 00 00 00 00
A370 00 00 00 00 40 20 00 00 00 00 00 00 00 00 00 00
A380 00 00 00 00 00 00 00 00 80 00 BD 00 03 00 F8 00
A390 03 00 FF 00 0D 00 00 00 00 00 00 00 00 00 00 00
A3A0 FE 00 FF 00 03 00 00 00 00 00 00 00 00 00 00 00
A3B0 00 00 00 00 00 00 00 00 00 00 00 00 00 00 00 00
A3C0 00 00 00 00 00 00 00 00 00 00 00 00 00 00 40 20
A3D0 00 00 00 00 00 00 00 00 00 00 00 00 00 00 00 00
A3E0 00 00 00 00 FF 00 FF 00 F7 00 C0 00 FF 00 0D 00
A3F0 00 00 00 00 00 00 00 00 00 00 FF 00 FF 00 03 00
A400 00 00 00 00 00 00 00 00 00 00 00 00 00 00 00 00
A410 00 00 00 00 00 00 00 00 00 00 00 00 00 00 00 00
A420 00 00 00 00 00 00 00 00 40 20 00 00 00 00 00 00
A430 00 00 00 00 00 00 00 00 00 00 00 00 00 00 EC 00
A440 FF 00 7F 00 F0 00 FF 00 02 00 00 00 00 00 00 00
A450 00 00 80 00 FF 00 FF 00 00 00 00 00 00 00 00 00
A460 00 00 00 00 00 00 00 00 00 00 00 00 00 00 00 00
A470 00 00 00 00 00 00 00 00 00 00 00 00 00 00 00 00
A480 00 00 40 20 00 00 00 00 00 00 00 00 00 00 00 00
A490 00 00 00 00 00 00 00 00 FC 00 FF 00 07 00 FC 00
A4A0 FF 00 02 00 00 00 00 00 00 00 00 00 C0 00 FF 00
A4B0 FF 00 00 00 00 00 00 00 00 00 00 00 00 00 00 00
A4C0 00 00 00 00 00 00 00 00 00 00 00 00 00 00 00 00
A4D0 00 00 00 00 00 00 00 00 00 00 00 00 40 20 00 00
A4E0 00 00 00 00 00 00 00 00 00 00 00 00 00 00 00 00
A4F0 00 00 F8 00 07 00 F8 00 C7 00 FF 00 05 00 00 00
A500 00 00 00 00 00 00 C0 00 FF 00 7F 00 00 00 00 00
A510 00 00 00 00 00 00 00 00 00 00 00 00 00 00 00 00
A520 00 00 00 00 00 00 00 00 00 00 00 00 00 00 00 00
A530 00 00 00 00 00 00 40 20 00 00 00 00 00 00 00 00
A540 00 00 00 00 00 00 00 00 00 00 00 00 F0 00 FF 00
A550 7F 00 F0 00 BF 00 19 00 00 00 00 00 00 00 00 00
A560 E0 00 FF 00 1F 00 00 00 00 00 00 00 00 00 00 00
A570 00 00 00 00 00 00 00 00 00 00 00 00 00 00 00 00
A580 00 00 00 00 00 00 00 00 00 00 00 00 00 00 00 00
A590 40 20 00 00 00 00 00 00 00 00 00 00 00 00 00 00
A5A0 00 00 00 00 00 00 E0 00 A3 00 07 00 FA 00 FF 00
A5B0 0B 00 00 00 00 00 00 00 00 00 F0 00 FF 00 0F 00
A5C0 00 00 00 00 00 00 00 00 00 00 00 00 00 00 00 00
A5D0 00 00 00 00 00 00 00 00 00 00 00 00 00 00 00 00
A5E0 00 00 00 00 00 00 00 00 00 00 40 20 00 00 00 00
A5F0 00 00 00 00 00 00 00 00 00 00 00 00 00 00 00 00
A600 80 00 FE 00 61 00 FF 00 FF 00 1D 00 00 00 00 00
A610 00 00 00 00 F8 00 FF 00 03 00 00 00 00 00 00 00
A620 00 00 00 00 00 00 00 00 00 00 00 00 00 00 00 00
A630 00 00 00 00 00 00 00 00 00 00 00 00 00 00 00 00
A640 00 00 00 00 40 20 00 00 00 00 00 00 00 00 00 00
A650 00 00 00 00 00 00 00 00 00 00 C0 00 F5 00 FF 00
A660 FF 00 FF 00 2A 00 00 00 00 00 00 00 00 00 F8 00
A670 FF 00 00 00 00 00 00 00 00 00 00 00 00 00 00 00
A680 00 00 00 00 00 00 00 00 00 00 00 00 00 00 00 00
A690 00 00 00 00 00 00 00 00 00 00 00 00 00 00 40 20
A6A0 00 00 00 00 00 00 00 00 00 00 00 00 00 00 00 00
A6B0 00 00 00 00 00 00 EE 00 FF 00 FF 00 FF 00 26 00
A6C0 00 00 00 00 00 00 00 00 FC 00 FF 00 00 00 00 00
A6D0 00 00 00 00 00 00 00 00 00 00 00 00 00 00 00 00
A6E0 00 00 00 00 00 00 00 00 00 00 00 00 00 00 00 00
A6F0 00 00 00 00 00 00 00 00 40 20 00 00 00 00 00 00
A700 00 00 00 00 00 00 00 00 00 00 00 00 00 00 00 00
A710 FC 00 FF 00 FF 00 FF 00 16 00 00 00 00 00 00 00
A720 00 00 FE 00 FF 00 00 00 00 00 00 00 00 00 00 00
A730 00 00 00 00 00 00 00 00 00 00 00 00 00 00 00 00
A740 00 00 00 00 00 00 00 00 00 00 00 00 00 00 00 00
A750 00 00 40 20 00 00 00 00 00 00 00 00 00 00 00 00
A760 00 00 00 00 00 00 00 00 00 00 F8 00 FF 00 FF 00
A770 7F 00 16 00 00 00 00 00 00 00 00 00 FE 00 7F 00
A780 00 00 00 00 00 00 00 00 00 00 00 00 00 00 00 00
A790 00 00 00 00 00 00 00 00 00 00 00 00 00 00 00 00
A7A0 00 00 00 00 00 00 00 00 00 00 00 00 40 20 00 00
A7B0 00 00 00 00 00 00 00 00 00 00 00 00 00 00 00 00
A7C0 00 00 00 00 F0 00 FF 00 FF 00 7F 00 0A 00 00 00
A7D0 00 00 00 00 00 00 FF 00 7F 00 00 00 00 00 00 00
A7E0 00 00 00 00 00 00 00 00 00 00 00 00 00 00 00 00
A7F0 00 00 00 00 00 00 00 00 00 00 00 00 00 00 00 00
A800 00 00 00 00 00 00 40 20 00 00 00 00 00 00 00 00
A810 00 00 00 00 00 00 00 00 00 00 00 00 00 00 A0 00
A820 FF 00 FF 00 7F 00 1A 00 00 00 00 00 00 00 00 00
A830 FF 00 7F 00 00 00 00 00 00 00 00 00 00 00 00 00
A840 00 00 00 00 00 00 00 00 00 00 00 00 00 00 00 00
A850 00 00 00 00 00 00 00 00 00 00 00 00 00 00 00 00
A860 40 20 00 00 00 00 00 00 00 00 00 00 00 00 00 00
A870 00 00 00 00 00 00 00 00 40 00 FF 00 FF 00 FF 00
A880 16 00 00 00 00 00 00 00 80 00 FF 00 3F 00 00 00
A890 00 00 00 00 00 00 00 00 00 00 00 00 00 00 00 00
A8A0 00 00 00 00 00 00 00 00 00 00 00 00 00 00 00 00
A8B0 00 00 00 00 00 00 00 00 00 00 40 20 00 00 00 00
A8C0 00 00 00 00 00 00 00 00 00 00 00 00 00 00 00 00
A8D0 00 00 80 00 FE 00 FF 00 FF 00 15 00 F0 00 07 00
A8E0 00 00 C0 00 FF 00 3F 00 00 00 00 00 00 00 00 00
A8F0 00 00 00 00 00 00 00 00 00 00 00 00 00 00 00 00
A900 00 00 00 00 00 00 00 00 00 00 00 00 00 00 00 00
A910 00 00 00 00 40 20 00 00 00 00 00 00 00 00 00 00
A920 00 00 00 00 00 00 00 00 00 00 00 00 00 00 FF 00
A930 FF 00 FF 00 19 00 08 00 00 00 02 00 E0 00 FF 00
A940 1F 00 00 00 00 00 00 00 00 00 00 00 00 00 00 00
A950 00 00 00 00 00 00 00 00 00 00 00 00 00 00 00 00
A960 00 00 00 00 00 00 00 00 00 00 00 00 00 00 40 20
A970 00 00 00 00 00 00 00 00 00 00 00 00 00 00 00 00
A980 00 00 00 00 00 00 00 00 FE 00 FF 00 FF 00 19 00
A990 00 00 00 00 04 00 E0 00 FF 00 1F 00 00 00 00 00
A9A0 00 00 00 00 00 00 00 00 00 00 00 00 00 00 00 00
A9B0 00 00 00 00 00 00 00 00 00 00 00 00 00 00 00 00
A9C0 00 00 00 00 00 00 00 00 40 20 00 00 00 00 00 00
A9D0 00 00 00 00 00 00 00 00 00 00 00 00 00 00 00 00
A9E0 00 00 FC 00 FF 00 FF 00 11 00 00 00 00 00 08 00
A9F0 F0 00 FF 00 0F 00 00 00 00 00 00 00 00 00 00 00
AA00 00 00 00 00 00 00 00 00 00 00 00 00 00 00 00 00
AA10 00 00 00 00 00 00 00 00 00 00 00 00 00 00 00 00
AA20 00 00 40 20 00 00 00 00 00 00 00 00 00 00 00 00
AA30 00 00 00 00 00 00 00 00 00 00 00 00 FC 00 FF 00
AA40 FF 00 13 00 00 00 00 00 08 00 FC 00 FF 00 0F 00
AA50 00 00 00 00 00 00 00 00 00 00 00 00 00 00 00 00
AA60 00 00 00 00 00 00 00 00 00 00 00 00 00 00 00 00
AA70 00 00 00 00 00 00 00 00 00 00 00 00 40 20 00 00
AA80 00 00 00 00 00 00 00 00 00 00 00 00 00 00 00 00
AA90 00 00 00 00 00 00 F8 00 FF 00 FF 00 13 00 00 00
AAA0 00 00 30 00 FF 00 FF 00 07 00 00 00 00 00 00 00
AAB0 00 00 00 00 00 00 00 00 00 00 00 00 00 00 00 00
AAC0 00 00 00 00 00 00 00 00 00 00 00 00 00 00 00 00
AAD0 00 00 00 00 00 00 40 20 00 00 00 00 00 00 00 00
AAE0 00 00 00 00 00 00 00 00 00 00 00 00 00 00 00 00
AAF0 F8 00 FF 00 FF 00 0B 00 00 00 08 00 20 00 FF 00
AB00 FF 00 07 00 00 00 00 00 00 00 00 00 00 00 00 00
AB10 00 00 00 00 00 00 00 00 00 00 00 00 00 00 00 00
AB20 00 00 00 00 00 00 00 00 00 00 00 00 00 00 00 00
AB30 40 20 00 00 00 00 00 00 00 00 00 00 00 00 00 00
AB40 00 00 00 00 00 00 00 00 00 00 F0 00 FF 00 FF 00
AB50 0F 00 86 00 20 00 E0 00 FE 00 FF 00 0F 00 00 00
AB60 00 00 00 00 00 00 00 00 00 00 00 00 00 00 00 00
AB70 00 00 00 00 00 00 00 00 00 00 00 00 00 00 00 00
AB80 00 00 00 00 00 00 00 00 00 00 40 20 00 00 00 00
AB90 00 00 00 00 00 00 00 00 00 00 00 00 00 00 00 00
ABA0 00 00 00 00 F0 00 FF 00 FF 00 8F 00 58 00 40 00
ABB0 60 00 FF 00 FF 00 0F 00 00 00 00 00 00 00 00 00
ABC0 00 00 00 00 00 00 00 00 00 00 00 00 00 00 00 00
ABD0 00 00 00 00 00 00 00 00 00 00 00 00 00 00 00 00
ABE0 00 00 00 00 40 20 00 00 00 00 00 00 00 00 00 00
ABF0 00 00 00 00 00 00 00 00 00 00 00 00 00 00 E0 00
AC00 FF 00 FF 00 17 00 10 00 02 00 C0 00 FF 00 FF 00
AC10 0F 00 00 00 00 00 00 00 00 00 00 00 00 00 00 00
AC20 00 00 00 00 00 00 00 00 00 00 00 00 00 00 00 00
AC30 00 00 00 00 00 00 00 00 00 00 00 00 00 00 40 20
AC40 00 00 00 00 00 00 00 00 00 00 00 00 00 00 00 00
AC50 00 00 00 00 00 00 00 00 E0 00 FF 00 FF 00 1F 00
AC60 1C 00 10 00 C0 00 FF 00 FF 00 1F 00 00 00 00 00
AC70 00 00 00 00 00 00 00 00 00 00 00 00 00 00 00 00
AC80 00 00 00 00 00 00 00 00 00 00 00 00 00 00 00 00
AC90 00 00 00 00 00 00 00 00 40 20 00 00 00 00 00 00
ACA0 00 00 00 00 00 00 00 00 00 00 00 00 00 00 00 00
ACB0 00 00 E0 00 FF 00 FF 00 BF 00 F8 00 1F 00 C0 00
ACC0 FF 00 FF 00 1F 00 00 00 00 00 00 00 00 00 00 00
ACD0 00 00 00 00 00 00 00 00 00 00 00 00 00 00 00 00
ACE0 00 00 00 00 00 00 00 00 00 00 00 00 00 00 00 00
ACF0 00 00 40 20 00 00 00 00 00 00 00 00 00 00 00 00
AD00 00 00 00 00 00 00 00 00 00 00 00 00 C0 00 FF 00
AD10 FF 00 9F 00 F8 00 EC 00 80 00 FF 00 FF 00 1F 00
AD20 00 00 00 00 00 00 00 00 00 00 00 00 00 00 00 00
AD30 00 00 00 00 00 00 00 00 00 00 00 00 00 00 00 00
AD40 00 00 00 00 00 00 00 00 00 00 00 00 40 20 00 00
AD50 00 00 00 00 00 00 00 00 00 00 00 00 00 00 00 00
AD60 00 00 00 00 00 00 C0 00 FF 00 FF 00 9F 00 AC 00
AD70 FF 00 81 00 FF 00 FF 00 3F 00 00 00 00 00 00 00
AD80 00 00 00 00 00 00 00 00 00 00 00 00 00 00 00 00
AD90 00 00 00 00 00 00 00 00 00 00 00 00 00 00 00 00
ADA0 00 00 00 00 00 00 40 20 00 00 00 00 00 00 00 00
ADB0 00 00 00 00 00 00 00 00 00 00 00 00 00 00 00 00
ADC0 C0 00 FF 00 FF 00 DF 00 F2 00 FF 00 83 00 FF 00
ADD0 FF 00 3F 00 00 00 00 00 00 00 00 00 00 00 00 00
ADE0 00 00 00 00 00 00 00 00 00 00 00 00 00 00 00 00
ADF0 00 00 00 00 00 00 00 00 00 00 00 00 00 00 00 00
AE00 40 20 00 00 00 00 00 00 00 00 00 00 00 00 00 00
AE10 00 00 00 00 00 00 00 00 00 00 C0 00 FF 00 FF 00
AE20 9F 00 FB 00 FF 00 8F 00 FF 00 FF 00 FF 00 00 00
AE30 00 00 00 00 00 00 00 00 00 00 00 00 00 00 00 00
AE40 00 00 00 00 00 00 00 00 00 00 00 00 00 00 00 00
AE50 00 00 00 00 00 00 00 00 00 00 40 20 00 00 00 00
AE60 00 00 00 00 00 00 00 00 00 00 00 00 00 00 00 00
AE70 00 00 00 00 C0 00 FF 00 FF 00 7F 00 FF 00 FF 00
AE80 FF 00 FF 00 FF 00 FF 00 00 00 00 00 00 00 00 00
AE90 00 00 00 00 00 00 00 00 00 00 00 00 00 00 00 00
AEA0 00 00 00 00 00 00 00 00 00 00 00 00 00 00 00 00
AEB0 00 00 00 00 40 20 00 00 00 00 00 00 00 00 00 00
AEC0 00 00 00 00 00 00 00 00 00 00 00 00 00 00 C0 00
AED0 FF 00 FF 00 FF 00 FF 00 FF 00 FF 00 FF 00 FF 00
AEE0 FF 00 00 00 00 00 00 00 00 00 00 00 00 00 00 00
AEF0 00 00 00 00 00 00 00 00 00 00 00 00 00 00 00 00
AF00 00 00 00 00 00 00 00 00 00 00 00 00 00 00 40 20
AF10 00 00 00 00 00 00 00 00 00 00 00 00 00 00 00 00
AF20 00 00 00 00 00 00 00 00 80 00 FF 00 FF 00 FF 00
AF30 FF 00 FF 00 FF 00 FF 00 FF 00 FF 00 00 00 00 00
AF40 00 00 00 00 00 00 00 00 00 00 00 00 00 00 00 00
AF50 00 00 00 00 00 00 00 00 00 00 00 00 00 00 00 00
AF60 00 00 00 00 00 00 00 00 40 20 00 00 00 00 00 00
AF70 00 00 00 00 00 00 00 00 00 00 00 00 00 00 00 00
AF80 00 00 80 00 FF 00 FF 00 FF 00 FF 00 FF 00 FF 00
AF90 FF 00 FF 00 FF 00 00 00 00 00 00 00 00 00 00 00
AFA0 00 00 00 00 00 00 00 00 00 00 00 00 00 00 00 00
AFB0 00 00 00 00 00 00 00 00 00 00 00 00 00 00 00 00
AFC0 00 00 40 20 00 00 00 00 00 00 00 00 00 00 00 00
AFD0 00 00 00 00 00 00 00 00 00 00 00 00 80 00 FF 00
AFE0 FF 00 FF 00 FF 00 FF 00 FF 00 FF 00 FF 00 FF 00
AFF0 00 00 00 00 00 00 00 00 00 00 00 00 00 00 00 00
B000 00 00 00 00 00 00 00 00 00 00 00 00 00 00 00 00
B010 00 00 00 00 00 00 00 00 00 00 00 00 40 20 00 00
B020 00 00 00 00 00 00 00 00 00 00 00 00 00 00 00 00
B030 00 00 00 00 00 00 80 00 FF 00 FF 00 FF 00 FF 00
B040 FF 00 1F 00 FB 00 FF 00 FF 00 00 00 00 00 00 00
B050 00 00 00 00 00 00 00 00 00 00 00 00 00 00 00 00
B060 00 00 00 00 00 00 00 00 00 00 00 00 00 00 00 00
B070 00 00 00 00 00 00 40 20 00 00 00 00 00 00 00 00
B080 00 00 00 00 00 00 00 00 00 00 00 00 00 00 00 00
B090 80 00 FF 00 FF 00 FF 00 FF 00 FF 00 0E 00 F8 00
B0A0 FF 00 FF 00 00 00 00 00 00 00 00 00 00 00 00 00
B0B0 00 00 00 00 00 00 00 00 00 00 00 00 00 00 00 00
B0C0 00 00 00 00 00 00 00 00 00 00 00 00 00 00 00 00
B0D0 40 20 00 00 00 00 00 00 00 00 00 00 00 00 00 00
B0E0 00 00 00 00 00 00 00 00 00 00 80 00 FF 00 FF 00
B0F0 FF 00 FF 00 5F 00 05 00 F0 00 FF 00 FF 00 00 00
B100 00 00 00 00 00 00 00 00 00 00 00 00 00 00 00 00
B110 00 00 00 00 00 00 00 00 00 00 00 00 00 00 00 00
B120 00 00 00 00 00 00 00 00 00 00 40 20 00 00 00 00
B130 00 00 00 00 00 00 00 00 00 00 00 00 00 00 00 00
B140 00 00 00 00 80 00 FF 00 FF 00 FF 00 FF 00 BF 00
B150 0D 00 E0 00 FF 00 FF 00 01 00 00 00 00 00 00 00
B160 00 00 00 00 00 00 00 00 00 00 00 00 00 00 00 00
B170 00 00 00 00 00 00 00 00 00 00 00 00 00 00 00 00
B180 00 00 00 00 40 20 00 00 00 00 00 00 00 00 00 00
B190 00 00 00 00 00 00 00 00 00 00 00 00 00 00 80 00
B1A0 FF 00 FF 00 FF 00 FF 00 EE 00 00 00 E0 00 FF 00
B1B0 FF 00 01 00 00 00 00 00 00 00 00 00 00 00 00 00
B1C0 00 00 00 00 00 00 00 00 00 00 00 00 00 00 00 00
B1D0 00 00 00 00 00 00 00 00 00 00 00 00 00 00 40 20
B1E0 00 00 00 00 00 00 00 00 00 00 00 00 00 00 00 00
B1F0 00 00 00 00 00 00 00 00 00 00 FF 00 FF 00 FF 00
B200 FF 00 1F 00 0A 00 80 00 FF 00 FF 00 01 00 00 00
B210 00 00 00 00 00 00 00 00 00 00 00 00 00 00 00 00
B220 00 00 00 00 00 00 00 00 00 00 00 00 00 00 00 00
B230 00 00 00 00 00 00 00 00 40 20 00 00 00 00 00 00
B240 00 00 00 00 00 00 00 00 00 00 00 00 00 00 00 00
B250 00 00 00 00 FF 00 FF 00 FF 00 FF 00 36 00 10 00
B260 80 00 FF 00 FF 00 01 00 00 00 00 00 00 00 00 00
B270 00 00 00 00 00 00 00 00 00 00 00 00 00 00 00 00
B280 00 00 00 00 00 00 00 00 00 00 00 00 00 00 00 00
B290 00 00 40 20 00 00 00 00 00 00 00 00 00 00 00 00
B2A0 00 00 00 00 00 00 00 00 00 00 00 00 00 00 FF 00
B2B0 FF 00 FF 00 FF 00 1F 00 CC 00 01 00 FF 00 FF 00
B2C0 01 00 00 00 00 00 00 00 00 00 00 00 00 00 00 00
B2D0 00 00 00 00 00 00 00 00 00 00 00 00 00 00 00 00
B2E0 00 00 00 00 00 00 00 00 00 00 00 00 40 20 00 00
B2F0 00 00 00 00 00 00 00 00 00 00 00 00 00 00 00 00
B300 00 00 00 00 00 00 00 00 FF 00 FF 00 FF 00 FF 00
B310 1B 00 FE 00 03 00 FE 00 FF 00 01 00 00 00 00 00
B320 00 00 00 00 00 00 00 00 00 00 00 00 00 00 00 00
B330 00 00 00 00 00 00 00 00 00 00 00 00 00 00 00 00
B340 00 00 00 00 00 00 40 20 00 00 00 00 00 00 00 00
B350 00 00 00 00 00 00 00 00 00 00 00 00 00 00 00 00
B360 00 00 FF 00 FF 00 FF 00 FF 00 04 00 0E 00 00 00
B370 FE 00 FF 00 01 00 00 00 00 00 00 00 00 00 00 00
B380 00 00 00 00 00 00 00 00 00 00 00 00 00 00 00 00
B390 00 00 00 00 00 00 00 00 00 00 00 00 00 00 00 00
B3A0 40 20 00 00 00 00 00 00 00 00 00 00 00 00 00 00
B3B0 00 00 00 00 00 00 00 00 00 00 00 00 FF 00 FF 00
B3C0 FF 00 FF 00 06 00 E0 00 2F 00 FC 00 FF 00 01 00
B3D0 00 00 00 00 00 00 00 00 00 00 00 00 00 00 00 00
B3E0 00 00 00 00 00 00 00 00 00 00 00 00 00 00 00 00
B3F0 00 00 00 00 00 00 00 00 00 00 40 20 00 00 00 00
B400 00 00 00 00 00 00 00 00 00 00 00 00 00 00 00 00
B410 00 00 00 00 00 00 FF 00 FF 00 FF 00 BF 00 08 00
B420 DF 00 38 00 F8 00 FF 00 03 00 00 00 00 00 00 00
B430 00 00 00 00 00 00 00 00 00 00 00 00 00 00 00 00
B440 00 00 00 00 00 00 00 00 00 00 00 00 00 00 00 00
B450 00 00 00 00 40 20 00 00 00 00 00 00 00 00 00 00
B460 00 00 00 00 00 00 00 00 00 00 00 00 00 00 00 00
B470 FE 00 FF 00 FF 00 FF 00 82 00 07 00 10 00 F8 00
B480 FF 00 03 00 00 00 00 00 00 00 00 00 00 00 00 00
B490 00 00 00 00 00 00 00 00 00 00 00 00 00 00 00 00
B4A0 00 00 00 00 00 00 00 00 00 00 00 00 00 00 40 20
B4B0 00 00 00 00 00 00 00 00 00 00 00 00 00 00 00 00
B4C0 00 00 00 00 00 00 00 00 00 00 FE 00 FF 00 FF 00
B4D0 2F 00 04 00 01 00 00 00 F0 00 FF 00 03 00 00 00
B4E0 00 00 00 00 00 00 00 00 00 00 00 00 00 00 00 00
B4F0 00 00 00 00 00 00 00 00 00 00 00 00 00 00 00 00
B500 00 00 00 00 00 00 00 00 40 20 00 00 00 00 00 00
B510 00 00 00 00 00 00 00 00 00 00 00 00 00 00 00 00
B520 00 00 00 00 FE 00 FF 00 FF 00 EF 00 04 00 61 00
B530 01 00 F0 00 FF 00 03 00 00 00 00 00 00 00 00 00
B540 00 00 00 00 00 00 00 00 00 00 00 00 00 00 00 00
B550 00 00 00 00 00 00 00 00 00 00 00 00 00 00 00 00
B560 00 00 40 20 00 00 00 00 00 00 00 00 00 00 00 00
B570 00 00 00 00 00 00 00 00 00 00 00 00 00 00 FE 00
B580 FF 00 FF 00 5F 00 00 00 F0 00 05 00 F0 00 FF 00
B590 03 00 00 00 00 00 00 00 00 00 00 00 00 00 00 00
B5A0 00 00 00 00 00 00 00 00 00 00 00 00 00 00 00 00
B5B0 00 00 00 00 00 00 00 00 00 00 00 00 40 20 00 00
B5C0 00 00 00 00 00 00 00 00 00 00 00 00 00 00 00 00
B5D0 00 00 00 00 00 00 00 00 FE 00 FF 00 FF 00 5F 00
B5E0 28 00 F0 00 0C 00 F0 00 FF 00 03 00 00 00 00 00
B5F0 00 00 00 00 00 00 00 00 00 00 00 00 00 00 00 00
B600 00 00 00 00 00 00 00 00 00 00 00 00 00 00 00 00
B610 00 00 00 00 00 00 40 20 00 00 00 00 00 00 00 00
B620 00 00 00 00 00 00 00 00 00 00 00 00 00 00 00 00
B630 00 00 FC 00 FF 00 FF 00 3F 00 01 00 FC 00 18 00
B640 E0 00 FF 00 03 00 00 00 00 00 00 00 00 00 00 00
B650 00 00 00 00 00 00 00 00 00 00 00 00 00 00 00 00
B660 00 00 00 00 00 00 00 00 00 00 00 00 00 00 00 00
B670 40 20 00 00 00 00 00 00 00 00 00 00 00 00 00 00
B680 00 00 00 00 00 00 00 00 00 00 00 00 FC 00 FF 00
B690 FF 00 57 00 00 00 64 00 10 00 E0 00 FF 00 03 00
B6A0 00 00 00 00 00 00 00 00 00 00 00 00 00 00 00 00
B6B0 00 00 00 00 00 00 00 00 00 00 00 00 00 00 00 00
B6C0 00 00 00 00 00 00 00 00 00 00 40 20 00 00 00 00
B6D0 00 00 00 00 00 00 00 00 00 00 00 00 00 00 00 00
B6E0 00 00 00 00 00 00 F8 00 FF 00 FF 00 FF 00 02 00
B6F0 00 00 00 00 E0 00 FF 00 03 00 00 00 00 00 00 00
B700 00 00 00 00 00 00 00 00 00 00 00 00 00 00 00 00
B710 00 00 00 00 00 00 00 00 00 00 00 00 00 00 00 00
B720 00 00 00 00 40 20 00 00 00 00 00 00 00 00 00 00
B730 00 00 00 00 00 00 00 00 00 00 00 00 00 00 00 00
B740 F8 00 FF 00 FF 00 7F 00 01 00 08 00 00 00 E0 00
B750 FF 00 03 00 00 00 00 00 00 00 00 00 00 00 00 00
B760 00 00 00 00 00 00 00 00 00 00 00 00 00 00 00 00
B770 00 00 00 00 00 00 00 00 00 00 00 00 00 00 40 20
B780 00 00 00 00 00 00 00 00 00 00 00 00 00 00 00 00
B790 00 00 00 00 00 00 00 00 00 00 F8 00 FF 00 FF 00
B7A0 5F 00 00 00 10 00 00 00 C0 00 FF 00 03 00 00 00
B7B0 00 00 00 00 00 00 00 00 00 00 00 00 00 00 00 00
B7C0 00 00 00 00 00 00 00 00 00 00 00 00 00 00 00 00
B7D0 00 00 00 00 00 00 00 00 40 20 00 00 00 00 00 00
B7E0 00 00 00 00 00 00 00 00 00 00 00 00 00 00 00 00
B7F0 00 00 00 00 F8 00 FF 00 FF 00 6F 00 00 00 58 00
B800 00 00 C0 00 FF 00 03 00 00 00 00 00 00 00 00 00
B810 00 00 00 00 00 00 00 00 00 00 00 00 00 00 00 00
B820 00 00 00 00 00 00 00 00 00 00 00 00 00 00 00 00
B830 00 00 40 20 00 00 00 00 00 00 00 00 00 00 00 00
B840 00 00 00 00 00 00 00 00 00 00 00 00 00 00 F8 00
B850 FF 00 FF 00 3F 00 02 00 10 00 00 00 C0 00 FF 00
B860 03 00 00 00 00 00 00 00 00 00 00 00 00 00 00 00
B870 00 00 00 00 00 00 00 00 00 00 00 00 00 00 00 00
B880 00 00 00 00 00 00 00 00 00 00 00 00 40 20 00 00
B890 00 00 00 00 00 00 00 00 00 00 00 00 00 00 00 00
B8A0 00 00 00 00 00 00 00 00 F8 00 FF 00 FF 00 3B 00
B8B0 00 00 00 00 00 00 C0 00 FF 00 01 00 00 00 00 00
B8C0 00 00 00 00 00 00 00 00 00 00 00 00 00 00 00 00
B8D0 00 00 00 00 00 00 00 00 00 00 00 00 00 00 00 00
B8E0 00 00 00 00 00 00 40 20 00 00 00 00 00 00 00 00
B8F0 00 00 00 00 00 00 00 00 00 00 00 00 00 00 00 00
B900 00 00 F8 00 FF 00 FF 00 3F 00 00 00 40 00 00 00
B910 C0 00 FF 00 01 00 00 00 00 00 00 00 00 00 00 00
B920 00 00 00 00 00 00 00 00 00 00 00 00 00 00 00 00
B930 00 00 00 00 00 00 00 00 00 00 00 00 00 00 00 00
B940 40 20 00 00 00 00 00 00 00 00 00 00 00 00 00 00
B950 00 00 00 00 00 00 00 00 00 00 00 00 F8 00 FF 00
B960 FF 00 07 00 00 00 00 00 00 00 C0 00 FF 00 01 00
B970 00 00 00 00 00 00 00 00 00 00 00 00 00 00 00 00
B980 00 00 00 00 00 00 00 00 00 00 00 00 00 00 00 00
B990 00 00 00 00 00 00 00 00 00 00 40 20 00 00 00 00
B9A0 00 00 00 00 00 00 00 00 00 00 00 00 00 00 00 00
B9B0 00 00 00 00 00 00 F8 00 FF 00 FF 00 2F 00 00 00
B9C0 00 00 00 00 C0 00 FF 00 01 00 00 00 00 00 00 00
B9D0 00 00 00 00 00 00 00 00 00 00 00 00 00 00 00 00
B9E0 00 00 00 00 00 00 00 00 00 00 00 00 00 00 00 00
B9F0 00 00 00 00 40 20 00 00 00 00 00 00 00 00 00 00
BA00 00 00 00 00 00 00 00 00 00 00 00 00 00 00 00 00
BA10 F0 00 FF 00 FF 00 05 00 00 00 10 00 00 00 C0 00
BA20 FF 00 00 00 00 00 00 00 00 00 00 00 00 00 00 00
BA30 00 00 00 00 00 00 00 00 00 00 00 00 00 00 00 00
BA40 00 00 00 00 00 00 00 00 00 00 00 00 00 00 40 20
BA50 00 00 00 00 00 00 00 00 00 00 00 00 00 00 00 00
BA60 00 00 00 00 00 00 00 00 00 00 F0 00 FF 00 FF 00
BA70 0F 00 00 00 20 00 20 00 C0 00 3F 00 00 00 00 00
BA80 00 00 00 00 00 00 00 00 00 00 00 00 00 00 00 00
BA90 00 00 00 00 00 00 00 00 00 00 00 00 00 00 00 00
BAA0 00 00 00 00 00 00 00 00 40 20 00 00 00 00 00 00
BAB0 00 00 00 00 00 00 00 00 00 00 00 00 00 00 00 00
BAC0 00 00 00 00 F0 00 FF 00 FF 00 0B 00 7C 00 1C 00
BAD0 E8 00 C1 00 3F 00 00 00 00 00 00 00 00 00 00 00
BAE0 00 00 00 00 00 00 00 00 00 00 00 00 00 00 00 00
BAF0 00 00 00 00 00 00 00 00 00 00 00 00 00 00 00 00
BB00 00 00 40 20 00 00 00 00 00 00 00 00 00 00 00 00
BB10 00 00 00 00 00 00 00 00 00 00 00 00 00 00 F0 00
BB20 FF 00 FF 00 06 00 24 00 34 00 18 00 C0 00 3F 00
BB30 00 00 00 00 00 00 00 00 00 00 00 00 00 00 00 00
BB40 00 00 00 00 00 00 00 00 00 00 00 00 00 00 00 00
BB50 00 00 00 00 00 00 00 00 00 00 00 00 40 20 00 00
BB60 00 00 00 00 00 00 00 00 00 00 00 00 00 00 00 00
BB70 00 00 00 00 00 00 00 00 E0 00 FF 00 FF 00 CF 00
BB80 7E 00 3C 00 74 00 C1 00 3F 00 00 00 00 00 00 00
BB90 00 00 00 00 00 00 00 00 00 00 00 00 00 00 00 00
BBA0 00 00 00 00 00 00 00 00 00 00 00 00 00 00 00 00
BBB0 00 00 00 00 00 00 40 20 00 00 00 00 00 00 00 00
BBC0 00 00 00 00 00 00 00 00 00 00 00 00 00 00 00 00
BBD0 00 00 E0 00 FF 00 FF 00 BF 00 7D 00 1E 00 F4 00
BBE0 89 00 7F 00 00 00 00 00 00 00 00 00 00 00 00 00
BBF0 00 00 00 00 00 00 00 00 00 00 00 00 00 00 00 00
BC00 00 00 00 00 00 00 00 00 00 00 00 00 00 00 00 00
BC10 40 20 00 00 00 00 00 00 00 00 00 00 00 00 00 00
BC20 00 00 00 00 00 00 00 00 00 00 00 00 E0 00 FF 00
BC30 FF 00 EF 00 F9 00 1F 00 E8 00 96 00 7F 00 00 00
BC40 00 00 00 00 00 00 00 00 00 00 00 00 00 00 00 00
BC50 00 00 00 00 00 00 00 00 00 00 00 00 00 00 00 00
BC60 00 00 00 00 00 00 00 00 00 00 40 20 00 00 00 00
BC70 00 00 00 00 00 00 00 00 00 00 00 00 00 00 00 00
BC80 00 00 00 00 00 00 E0 00 FF 00 FF 00 FF 00 64 00
BC90 0E 00 18 00 84 00 7F 00 00 00 00 00 00 00 00 00
BCA0 00 00 00 00 00 00 00 00 00 00 00 00 00 00 00 00
BCB0 00 00 00 00 00 00 00 00 00 00 00 00 00 00 00 00
BCC0 00 00 00 00 40 20 00 00 00 00 00 00 00 00 00 00
BCD0 00 00 00 00 00 00 00 00 00 00 00 00 00 00 00 00
BCE0 E0 00 FF 00 FF 00 FF 00 00 00 07 00 70 00 80 00
BCF0 7F 00 00 00 00 00 00 00 00 00 00 00 00 00 00 00
BD00 00 00 00 00 00 00 00 00 00 00 00 00 00 00 00 00
BD10 00 00 00 00 00 00 00 00 00 00 00 00 00 00 40 20
BD20 00 00 00 00 00 00 00 00 00 00 00 00 00 00 00 00
BD30 00 00 00 00 00 00 00 00 00 00 E0 00 FF 00 FF 00
BD40 47 00 C1 00 05 00 20 00 80 00 7F 00 00 00 00 00
BD50 00 00 00 00 00 00 00 00 00 00 00 00 00 00 00 00
BD60 00 00 00 00 00 00 00 00 00 00 00 00 00 00 00 00
BD70 00 00 00 00 00 00 00 00 40 20 00 00 00 00 00 00
BD80 00 00 00 00 00 00 00 00 00 00 00 00 00 00 00 00
BD90 00 00 00 00 C0 00 FF 00 FF 00 3D 00 00 00 00 00
BDA0 00 00 C0 00 7F 00 00 00 00 00 00 00 00 00 00 00
BDB0 00 00 00 00 00 00 00 00 00 00 00 00 00 00 00 00
BDC0 00 00 00 00 00 00 00 00 00 00 00 00 00 00 00 00
BDD0 00 00 40 20 00 00 00 00 00 00 00 00 00 00 00 00
BDE0 00 00 00 00 00 00 00 00 00 00 00 00 00 00 C0 00
BDF0 FF 00 FF 00 0A 00 00 00 00 00 00 00 C0 00 7F 00
BE00 00 00 00 00 00 00 00 00 00 00 00 00 00 00 00 00
BE10 00 00 00 00 00 00 00 00 00 00 00 00 00 00 00 00
BE20 00 00 00 00 00 00 00 00 00 00 00 00 40 20 00 00
BE30 00 00 00 00 00 00 00 00 00 00 00 00 00 00 00 00
BE40 00 00 00 00 00 00 00 00 C0 00 FF 00 FF 00 0B 00
BE50 00 00 00 00 00 00 C0 00 7F 00 00 00 00 00 00 00
BE60 00 00 00 00 00 00 00 00 00 00 00 00 00 00 00 00
BE70 00 00 00 00 00 00 00 00 00 00 00 00 00 00 00 00
BE80 00 00 00 00 00 00 40 20 00 00 00 00 00 00 00 00
BE90 00 00 00 00 00 00 00 00 00 00 00 00 00 00 00 00
BEA0 00 00 C0 00 FF 00 FF 00 0F 00 00 00 00 00 00 00
BEB0 C0 00 3F 00 00 00 00 00 00 00 00 00 00 00 00 00
BEC0 00 00 00 00 00 00 00 00 00 00 00 00 00 00 00 00
BED0 00 00 00 00 00 00 00 00 00 00 00 00 00 00 00 00
BEE0 40 20 00 00 00 00 00 00 00 00 00 00 00 00 00 00
BEF0 00 00 00 00 00 00 00 00 00 00 00 00 C0 00 FF 00
BF00 FF 00 05 00 00 00 00 00 00 00 C0 00 BF 00 00 00
BF10 00 00 00 00 00 00 00 00 00 00 00 00 00 00 00 00
BF20 00 00 00 00 00 00 00 00 00 00 00 00 00 00 00 00
BF30 00 00 00 00 00 00 00 00 00 00 40 20 00 00 00 00
BF40 00 00 00 00 00 00 00 00 00 00 00 00 00 00 00 00
BF50 00 00 00 00 00 00 C0 00 FF 00 FF 00 1F 00 00 00
BF60 00 00 00 00 C0 00 9F 00 00 00 00 00 00 00 00 00
BF70 00 00 00 00 00 00 00 00 00 00 00 00 00 00 00 00
BF80 00 00 00 00 00 00 00 00 00 00 00 00 00 00 00 00
BF90 00 00 00 00 40 20 00 00 00 00 00 00 00 00 00 00
BFA0 00 00 00 00 00 00 00 00 00 00 00 00 00 00 00 00
BFB0 C0 00 FF 00 FF 00 07 00 02 00 00 00 00 00 80 00
BFC0 5F 00 00 00 00 00 00 00 00 00 00 00 00 00 00 00
BFD0 00 00 00 00 00 00 00 00 00 00 00 00 00 00 00 00
BFE0 00 00 00 00 00 00 00 00 00 00 00 00 00 00 40 20
BFF0 00 00 B5 36 00 00 AF 36 00 00 90 36 00 00 88 36
>

